avg_timeout_results
None
avg_selection_results
     runtime_frac  cross_acc  true_acc  diff
0        0.000592   0.415175  0.449888   0.0
1        0.002594   0.635897  0.696719   0.0
2        0.004597   0.714397  0.763446   0.0
3        0.006600   0.757384  0.795272   0.0
4        0.008603   0.778671  0.794331   0.0
5        0.010606   0.799574  0.810052   0.0
6        0.012608   0.811415  0.822224   0.0
7        0.014611   0.818197  0.831318   0.0
8        0.016614   0.819569  0.823497   0.0
9        0.018617   0.825780  0.827030   0.0
10       0.020620   0.827201  0.827941   0.0
11       0.022623   0.832403  0.832185   0.0
12       0.024625   0.830902  0.833094   0.0
13       0.026628   0.835881  0.818654   0.0
14       0.028631   0.841821  0.818857   0.0
15       0.030634   0.843834  0.822536   0.0
16       0.032637   0.846852  0.833159   0.0
17       0.034639   0.851263  0.839178   0.0
18       0.036642   0.856147  0.844843   0.0
19       0.038645   0.857736  0.844166   0.0
20       0.040648   0.861251  0.853430   0.0
21       0.042651   0.866651  0.858907   0.0
22       0.044654   0.869845  0.857867   0.0
23       0.046656   0.871173  0.857242   0.0
24       0.048659   0.873272  0.851885   0.0
25       0.050662   0.876498  0.853049   0.0
26       0.052665   0.877030  0.860358   0.0
27       0.054668   0.877374  0.872924   0.0
28       0.056671   0.878776  0.880044   0.0
29       0.058673   0.880527  0.889111   0.0
30       0.060676   0.884091  0.887841   0.0
31       0.062679   0.883231  0.893031   0.0
32       0.064682   0.883552  0.899549   0.0
33       0.066685   0.885809  0.902515   0.0
34       0.068687   0.889120  0.902504   0.0
35       0.070690   0.891570  0.908039   0.0
36       0.072693   0.892379  0.907318   0.0
37       0.074696   0.891254  0.908915   0.0
38       0.076699   0.892501  0.906048   0.0
39       0.078702   0.892506  0.909462   0.0
40       0.080704   0.892491  0.906806   0.0
41       0.082707   0.894535  0.906385   0.0
42       0.084710   0.896354  0.905276   0.0
43       0.086713   0.899137  0.916161   0.0
44       0.088716   0.899006  0.913497   0.0
45       0.090719   0.901558  0.915468   0.0
46       0.092721   0.903496  0.919940   0.0
47       0.094724   0.904268  0.922509   0.0
48       0.096727   0.904801  0.923432   0.0
49       0.098730   0.904971  0.923818   0.0
50       0.100733   0.905520  0.926015   0.0
51       0.102735   0.908593  0.926562   0.0
52       0.104738   0.909179  0.923234   0.0
53       0.106741   0.912339  0.921959   0.0
54       0.108744   0.913106  0.923161   0.0
55       0.110747   0.913399  0.923167   0.0
56       0.112750   0.913656  0.921296   0.0
57       0.114752   0.913887  0.916303   0.0
58       0.116755   0.915717  0.920499   0.0
59       0.118758   0.916529  0.918591   0.0
60       0.120761   0.917262  0.924233   0.0
61       0.122764   0.919174  0.924987   0.0
62       0.124767   0.919450  0.923035   0.0
63       0.126769   0.919065  0.924790   0.0
64       0.128772   0.918706  0.927650   0.0
65       0.130775   0.919403  0.929275   0.0
66       0.132778   0.920050  0.933073   0.0
67       0.134781   0.922140  0.935783   0.0
68       0.136783   0.923326  0.934919   0.0
69       0.138786   0.923991  0.936796   0.0
70       0.140789   0.924515  0.937138   0.0
71       0.142792   0.924137  0.941548   0.0
72       0.144795   0.925664  0.943463   0.0
73       0.146798   0.926191  0.943797   0.0
74       0.148800   0.926300  0.939826   0.0
75       0.150803   0.927454  0.939562   0.0
76       0.152806   0.927281  0.937588   0.0
77       0.154809   0.927394  0.938389   0.0
78       0.156812   0.927683  0.939074   0.0
79       0.158814   0.928655  0.938317   0.0
80       0.160817   0.929938  0.943257   0.0
81       0.162820   0.931000  0.942092   0.0
82       0.164823   0.931684  0.941102   0.0
83       0.166826   0.933954  0.939987   0.0
84       0.168829   0.933425  0.939736   0.0
85       0.170831   0.933680  0.940476   0.0
86       0.172834   0.934414  0.940752   0.0
87       0.174837   0.934614  0.938471   0.0
88       0.176840   0.934284  0.939165   0.0
89       0.178843   0.935259  0.940966   0.0
90       0.180846   0.935456  0.941566   0.0
91       0.182848   0.934796  0.940956   0.0
92       0.184851   0.935679  0.941154   0.0
93       0.186854   0.935969  0.941415   0.0
94       0.188857   0.936477  0.947059   0.0
95       0.190860   0.936737  0.949628   0.0
96       0.192862   0.936644  0.947055   0.0
97       0.194865   0.936824  0.949621   0.0
98       0.196868   0.937161  0.947368   0.0
99       0.198871   0.936994  0.948039   0.0
100      0.200874   0.936922  0.951668   0.0
101      0.202877   0.937213  0.950457   0.0
102      0.204879   0.935840  0.948815   0.0
103      0.206882   0.935795  0.949405   0.0
104      0.208885   0.936888  0.949325   0.0
105      0.210888   0.937616  0.949220   0.0
106      0.212891   0.937446  0.947097   0.0
107      0.214894   0.938281  0.950781   0.0
108      0.216896   0.938966  0.947810   0.0
109      0.218899   0.939203  0.945650   0.0
110      0.220902   0.939737  0.949965   0.0
111      0.222905   0.940082  0.950660   0.0
112      0.224908   0.939687  0.949704   0.0
113      0.226910   0.938369  0.951185   0.0
114      0.228913   0.938213  0.944945   0.0
115      0.230916   0.938319  0.941446   0.0
116      0.232919   0.937461  0.939311   0.0
117      0.234922   0.936943  0.939594   0.0
118      0.236925   0.938061  0.939223   0.0
119      0.238927   0.937643  0.941684   0.0
120      0.240930   0.938904  0.940476   0.0
121      0.242933   0.939298  0.940136   0.0
122      0.244936   0.939894  0.940811   0.0
123      0.246939   0.941338  0.940999   0.0
124      0.248941   0.940983  0.941587   0.0
125      0.250944   0.940158  0.940527   0.0
126      0.252947   0.941068  0.939065   0.0
127      0.254950   0.941332  0.942366   0.0
128      0.256953   0.941577  0.945034   0.0
129      0.258956   0.941691  0.945847   0.0
130      0.260958   0.942150  0.948718   0.0
131      0.262961   0.942071  0.947905   0.0
132      0.264964   0.943194  0.948682   0.0
133      0.266967   0.943833  0.948055   0.0
134      0.268970   0.944381  0.948070   0.0
135      0.270973   0.943775  0.952224   0.0
136      0.272975   0.944451  0.955322   0.0
137      0.274978   0.944181  0.955911   0.0
138      0.276981   0.944366  0.955846   0.0
139      0.278984   0.944604  0.953071   0.0
140      0.280987   0.945305  0.955812   0.0
141      0.282989   0.944848  0.958120   0.0
142      0.284992   0.944550  0.958037   0.0
143      0.286995   0.945097  0.956210   0.0
144      0.288998   0.945137  0.953902   0.0
145      0.291001   0.945005  0.952789   0.0
146      0.293004   0.945430  0.955455   0.0
147      0.295006   0.946795  0.955601   0.0
148      0.297009   0.947801  0.958995   0.0
149      0.299012   0.947408  0.957305   0.0
150      0.301015   0.947728  0.955632   0.0
151      0.303018   0.947657  0.956234   0.0
152      0.305021   0.948370  0.956314   0.0
153      0.307023   0.948316  0.954724   0.0
154      0.309026   0.948788  0.956111   0.0
155      0.311029   0.949336  0.955713   0.0
156      0.313032   0.949678  0.954144   0.0
157      0.315035   0.949310  0.952697   0.0
158      0.317037   0.948498  0.952969   0.0
159      0.319040   0.949220  0.952716   0.0
160      0.321043   0.949278  0.952544   0.0
161      0.323046   0.949070  0.956154   0.0
162      0.325049   0.949807  0.956081   0.0
163      0.327052   0.950774  0.956654   0.0
164      0.329054   0.951486  0.956405   0.0
165      0.331057   0.951461  0.957692   0.0
166      0.333060   0.951445  0.956048   0.0
167      0.335063   0.951092  0.957574   0.0
168      0.337066   0.950743  0.956488   0.0
169      0.339069   0.951559  0.957672   0.0
170      0.341071   0.952099  0.958995   0.0
171      0.343074   0.951848  0.959679   0.0
172      0.345077   0.952171  0.958522   0.0
173      0.347080   0.952602  0.958440   0.0
174      0.349083   0.951906  0.957519   0.0
175      0.351085   0.951863  0.956515   0.0
176      0.353088   0.952476  0.959518   0.0
177      0.355091   0.952390  0.958112   0.0
178      0.357094   0.952545  0.957651   0.0
179      0.359097   0.953043  0.964069   0.0
180      0.361100   0.952619  0.960431   0.0
181      0.363102   0.953112  0.959096   0.0
182      0.365105   0.953389  0.960214   0.0
183      0.367108   0.952392  0.958179   0.0
184      0.369111   0.952895  0.958614   0.0
185      0.371114   0.953472  0.960317   0.0
186      0.373116   0.954049  0.959022   0.0
187      0.375119   0.954162  0.958995   0.0
188      0.377122   0.954552  0.958312   0.0
189      0.379125   0.954179  0.959169   0.0
190      0.381128   0.955114  0.958892   0.0
191      0.383131   0.955262  0.957985   0.0
192      0.385133   0.955866  0.957145   0.0
193      0.387136   0.956215  0.955908   0.0
194      0.389139   0.956557  0.956349   0.0
195      0.391142   0.956685  0.954566   0.0
196      0.393145   0.956695  0.956371   0.0
197      0.395148   0.955756  0.957672   0.0
198      0.397150   0.955833  0.957031   0.0
199      0.399153   0.955339  0.958372   0.0
200      0.401156   0.955046  0.961419   0.0
201      0.403159   0.955921  0.962378   0.0
202      0.405162   0.955765  0.962575   0.0
203      0.407164   0.955807  0.963725   0.0
204      0.409167   0.956582  0.962996   0.0
205      0.411170   0.956354  0.963069   0.0
206      0.413173   0.956009  0.965362   0.0
207      0.415176   0.956445  0.963535   0.0
208      0.417179   0.956552  0.961575   0.0
209      0.419181   0.956961  0.961870   0.0
210      0.421184   0.957598  0.963662   0.0
211      0.423187   0.957231  0.962332   0.0
212      0.425190   0.957602  0.965979   0.0
213      0.427193   0.957817  0.965608   0.0
214      0.429196   0.957284  0.966710   0.0
215      0.431198   0.957594  0.965518   0.0
216      0.433201   0.957784  0.966321   0.0
217      0.435204   0.958505  0.961507   0.0
218      0.437207   0.958297  0.963337   0.0
219      0.439210   0.958382  0.968250   0.0
220      0.441212   0.958749  0.968385   0.0
221      0.443215   0.959089  0.971389   0.0
222      0.445218   0.960297  0.970357   0.0
223      0.447221   0.960575  0.969577   0.0
224      0.449224   0.960455  0.970689   0.0
225      0.451227   0.959908  0.970899   0.0
226      0.453229   0.959153  0.970899   0.0
227      0.455232   0.958505  0.969502   0.0
228      0.457235   0.958945  0.968741   0.0
229      0.459238   0.959792  0.970960   0.0
230      0.461241   0.959974  0.972095   0.0
231      0.463243   0.960688  0.970547   0.0
232      0.465246   0.960082  0.969577   0.0
233      0.467249   0.960281  0.969577   0.0
234      0.469252   0.960343  0.969577   0.0
235      0.471255   0.960785  0.969577   0.0
236      0.473258   0.961674  0.970503   0.0
237      0.475260   0.961938  0.972571   0.0
238      0.477263   0.962277  0.973545   0.0
239      0.479266   0.962405  0.973545   0.0
240      0.481269   0.962849  0.973553   0.0
241      0.483272   0.962169  0.976788   0.0
242      0.485275   0.961770  0.976190   0.0
243      0.487277   0.962001  0.976649   0.0
244      0.489280   0.961550  0.974868   0.0
245      0.491283   0.961771  0.974351   0.0
246      0.493286   0.961912  0.973965   0.0
247      0.495289   0.961663  0.973545   0.0
248      0.497291   0.961903  0.973864   0.0
249      0.499294   0.962294  0.974713   0.0
250      0.501297   0.961726  0.972936   0.0
251      0.503300   0.961957  0.972222   0.0
252      0.505303   0.962017  0.975003   0.0
253      0.507306   0.961530  0.976215   0.0
254      0.509308   0.961407  0.977513   0.0
255      0.511311   0.962221  0.976210   0.0
256      0.513314   0.961388  0.976190   0.0
257      0.515317   0.961534  0.976000   0.0
258      0.517320   0.962417  0.975332   0.0
259      0.519323   0.962360  0.976134   0.0
260      0.521325   0.962011  0.975063   0.0
261      0.523328   0.962782  0.975932   0.0
262      0.525331   0.963085  0.977430   0.0
263      0.527334   0.963152  0.977467   0.0
264      0.529337   0.963029  0.976211   0.0
265      0.531339   0.962667  0.977513   0.0
266      0.533342   0.962041  0.976974   0.0
267      0.535345   0.963217  0.976190   0.0
268      0.537348   0.962904  0.975921   0.0
269      0.539351   0.963092  0.977165   0.0
270      0.541354   0.962716  0.977513   0.0
271      0.543356   0.962769  0.977513   0.0
272      0.545359   0.963089  0.977271   0.0
273      0.547362   0.963264  0.976972   0.0
274      0.549365   0.963686  0.977513   0.0
275      0.551368   0.964048  0.977513   0.0
276      0.553371   0.964540  0.977264   0.0
277      0.555373   0.965020  0.977248   0.0
278      0.557376   0.965227  0.977513   0.0
279      0.559379   0.965573  0.977513   0.0
280      0.561382   0.965026  0.976615   0.0
281      0.563385   0.964527  0.978197   0.0
282      0.565387   0.964941  0.978836   0.0
283      0.567390   0.965984  0.977513   0.0
284      0.569393   0.966511  0.976538   0.0
285      0.571396   0.966271  0.975180   0.0
286      0.573399   0.966727  0.976190   0.0
287      0.575402   0.966679  0.975151   0.0
288      0.577404   0.966473  0.973690   0.0
289      0.579407   0.966995  0.972617   0.0
290      0.581410   0.967024  0.972222   0.0
291      0.583413   0.967486  0.975172   0.0
292      0.585416   0.967703  0.976118   0.0
293      0.587418   0.967982  0.975540   0.0
294      0.589421   0.968525  0.976190   0.0
295      0.591424   0.968841  0.976190   0.0
296      0.593427   0.968833  0.977267   0.0
297      0.595430   0.968807  0.977006   0.0
298      0.597433   0.968710  0.977513   0.0
299      0.599435   0.967993  0.976723   0.0
300      0.601438   0.968289  0.976190   0.0
301      0.603441   0.968831  0.976755   0.0
302      0.605444   0.969089  0.976805   0.0
303      0.607447   0.969607  0.975201   0.0
304      0.609450   0.970319  0.975014   0.0
305      0.611452   0.970556  0.976420   0.0
306      0.613455   0.970722  0.975636   0.0
307      0.615458   0.971059  0.976930   0.0
308      0.617461   0.971973  0.976787   0.0
309      0.619464   0.972065  0.976853   0.0
310      0.621466   0.972222  0.977391   0.0
311      0.623469   0.972044  0.979037   0.0
312      0.625472   0.972319  0.980599   0.0
313      0.627475   0.972242  0.980784   0.0
314      0.629478   0.972015  0.979374   0.0
315      0.631481   0.972272  0.979962   0.0
316      0.633483   0.972233  0.980963   0.0
317      0.635486   0.972575  0.979159   0.0
318      0.637489   0.973412  0.977280   0.0
319      0.639492   0.973589  0.977363   0.0
320      0.641495   0.973749  0.974868   0.0
321      0.643498   0.974148  0.972829   0.0
322      0.645500   0.973930  0.975571   0.0
323      0.647503   0.974243  0.977513   0.0
324      0.649506   0.974408  0.975997   0.0
325      0.651509   0.974813  0.976748   0.0
326      0.653512   0.975000  0.977141   0.0
327      0.655514   0.975204  0.978493   0.0
328      0.657517   0.975436  0.979021   0.0
329      0.659520   0.975439  0.978838   0.0
330      0.661523   0.975549  0.977373   0.0
331      0.663526   0.976056  0.974948   0.0
332      0.665529   0.976547  0.973811   0.0
333      0.667531   0.976956  0.975682   0.0
334      0.669534   0.976916  0.978256   0.0
335      0.671537   0.976459  0.979228   0.0
336      0.673540   0.976686  0.979614   0.0
337      0.675543   0.977374  0.977188   0.0
338      0.677545   0.977362  0.977066   0.0
339      0.679548   0.976815  0.978507   0.0
340      0.681551   0.977202  0.981678   0.0
341      0.683554   0.977379  0.980251   0.0
342      0.685557   0.977326  0.979995   0.0
343      0.687560   0.977792  0.978448   0.0
344      0.689562   0.978254  0.979113   0.0
345      0.691565   0.978418  0.981412   0.0
346      0.693568   0.979003  0.980284   0.0
347      0.695571   0.978519  0.979513   0.0
348      0.697574   0.978236  0.978951   0.0
349      0.699577   0.978539  0.981168   0.0
350      0.701579   0.978460  0.981681   0.0
351      0.703582   0.978894  0.981481   0.0
352      0.705585   0.979153  0.981481   0.0
353      0.707588   0.978959  0.981222   0.0
354      0.709591   0.978377  0.982167   0.0
355      0.711593   0.978522  0.983208   0.0
356      0.713596   0.978551  0.985436   0.0
357      0.715599   0.978215  0.984690   0.0
358      0.717602   0.978242  0.985591   0.0
359      0.719605   0.978221  0.985759   0.0
360      0.721608   0.977991  0.986772   0.0
361      0.723610   0.977740  0.985450   0.0
362      0.725613   0.977520  0.985450   0.0
363      0.727616   0.977344  0.985946   0.0
364      0.729619   0.977329  0.986614   0.0
365      0.731622   0.977838  0.989194   0.0
366      0.733625   0.977863  0.990164   0.0
367      0.735627   0.978549  0.988717   0.0
368      0.737630   0.978783  0.989995   0.0
369      0.739633   0.978720  0.990799   0.0
370      0.741636   0.979136  0.990863   0.0
371      0.743639   0.979019  0.989828   0.0
372      0.745641   0.979513  0.988470   0.0
373      0.747644   0.979846  0.987062   0.0
374      0.749647   0.980604  0.988095   0.0
375      0.751650   0.981026  0.988095   0.0
376      0.753653   0.981170  0.988307   0.0
377      0.755656   0.981501  0.989418   0.0
378      0.757658   0.980949  0.989418   0.0
379      0.759661   0.980838  0.989418   0.0
380      0.761664   0.980260  0.989418   0.0
381      0.763667   0.980643  0.989089   0.0
382      0.765670   0.980753  0.988198   0.0
383      0.767673   0.980783  0.987180   0.0
384      0.769675   0.980971  0.986942   0.0
385      0.771678   0.980769  0.986866   0.0
386      0.773681   0.980676  0.986658   0.0
387      0.775684   0.981020  0.986276   0.0
388      0.777687   0.981213  0.986772   0.0
389      0.779689   0.981597  0.988095   0.0
390      0.781692   0.981431  0.987040   0.0
391      0.783695   0.981645  0.986880   0.0
392      0.785698   0.981727  0.986772   0.0
393      0.787701   0.981724  0.988423   0.0
394      0.789704   0.981568  0.988455   0.0
395      0.791706   0.981874  0.987239   0.0
396      0.793709   0.982281  0.986772   0.0
397      0.795712   0.982448  0.985412   0.0
398      0.797715   0.982550  0.984928   0.0
399      0.799718   0.982262  0.984496   0.0
400      0.801720   0.982490  0.987313   0.0
401      0.803723   0.982767  0.989418   0.0
402      0.805726   0.983008  0.989418   0.0
403      0.807729   0.983281  0.988271   0.0
404      0.809732   0.983784  0.988841   0.0
405      0.811735   0.984727  0.985538   0.0
406      0.813737   0.984624  0.985450   0.0
407      0.815740   0.984894  0.986133   0.0
408      0.817743   0.985070  0.988142   0.0
409      0.819746   0.984662  0.987092   0.0
410      0.821749   0.984909  0.986250   0.0
411      0.823752   0.984787  0.985489   0.0
412      0.825754   0.984583  0.985500   0.0
413      0.827757   0.985329  0.984916   0.0
414      0.829760   0.984831  0.985230   0.0
415      0.831763   0.984650  0.986123   0.0
416      0.833766   0.985333  0.986772   0.0
417      0.835768   0.985697  0.986772   0.0
418      0.837771   0.985729  0.986772   0.0
419      0.839774   0.986114  0.987564   0.0
420      0.841777   0.985511  0.988553   0.0
421      0.843780   0.985292  0.988095   0.0
422      0.845783   0.985975  0.987956   0.0
423      0.847785   0.985701  0.987037   0.0
424      0.849788   0.985639  0.986772   0.0
425      0.851791   0.985549  0.986772   0.0
426      0.853794   0.985276  0.985729   0.0
427      0.855797   0.985427  0.985450   0.0
428      0.857800   0.985035  0.985450   0.0
429      0.859802   0.985122  0.986350   0.0
430      0.861805   0.985283  0.986772   0.0
431      0.863808   0.985968  0.988037   0.0
432      0.865811   0.985723  0.990739   0.0
433      0.867814   0.985795  0.991574   0.0
434      0.869816   0.985460  0.992724   0.0
435      0.871819   0.985891  0.992063   0.0
436      0.873822   0.985954  0.991747   0.0
437      0.875825   0.985729  0.990859   0.0
438      0.877828   0.985830  0.990741   0.0
439      0.879831   0.986242  0.991019   0.0
440      0.881833   0.985810  0.994859   0.0
441      0.883836   0.986257  0.992704   0.0
442      0.885839   0.986720  0.994343   0.0
443      0.887842   0.986690  0.993978   0.0
444      0.889845   0.986480  0.995941   0.0
445      0.891847   0.986456  0.994709   0.0
446      0.893850   0.986780  0.995172   0.0
447      0.895853   0.987027  0.994709   0.0
448      0.897856   0.986940  0.994709   0.0
449      0.899859   0.986909  0.993630   0.0
450      0.901862   0.986829  0.995274   0.0
451      0.903864   0.987246  0.996430   0.0
452      0.905867   0.987406  0.997354   0.0
453      0.907870   0.987364  0.997354   0.0
454      0.909873   0.987666  0.997354   0.0
455      0.911876   0.987525  0.997754   0.0
456      0.913879   0.987910  0.998307   0.0
457      0.915881   0.988682  0.997354   0.0
458      0.917884   0.988989  0.997354   0.0
459      0.919887   0.988939  0.997160   0.0
460      0.921890   0.988833  0.996032   0.0
461      0.923893   0.988873  0.996032   0.0
462      0.925895   0.988999  0.995508   0.0
463      0.927898   0.989111  0.994053   0.0
464      0.929901   0.989718  0.993260   0.0
465      0.931904   0.990000  0.993192   0.0
466      0.933907   0.989874  0.993822   0.0
467      0.935910   0.990053  0.992258   0.0
468      0.937912   0.990077  0.993386   0.0
469      0.939915   0.990140  0.993678   0.0
470      0.941918   0.990326  0.995568   0.0
471      0.943921   0.990641  0.996032   0.0
472      0.945924   0.991160  0.995039   0.0
473      0.947927   0.991525  0.993511   0.0
474      0.949929   0.991792  0.994387   0.0
475      0.951932   0.992064  0.994709   0.0
476      0.953935   0.992164  0.994709   0.0
477      0.955938   0.992311  0.995644   0.0
478      0.957941   0.992412  0.996032   0.0
479      0.959943   0.992894  0.996032   0.0
480      0.961946   0.993477  0.995245   0.0
481      0.963949   0.994090  0.995209   0.0
482      0.965952   0.994569  0.996278   0.0
483      0.967955   0.994762  0.995063   0.0
484      0.969958   0.994705  0.995757   0.0
485      0.971960   0.994570  0.995239   0.0
486      0.973963   0.995055  0.995613   0.0
487      0.975966   0.995467  0.994549   0.0
488      0.977969   0.995547  0.994958   0.0
489      0.979972   0.996206  0.996032   0.0
490      0.981974   0.995981  0.996645   0.0
491      0.983977   0.995952  0.998664   0.0
492      0.985980   0.996010  0.997895   0.0
493      0.987983   0.996273  0.997354   0.0
494      0.989986   0.996758  0.997354   0.0
495      0.991989   0.996825  0.996637   0.0
496      0.993991   0.997145  0.998015   0.0
497      0.995994   0.997760  1.000000   0.0
498      0.997997   0.998993  1.000000   0.0
499      1.000000   1.000000  1.000000   0.0