avg_timeout_results
     runtime_frac  cross_acc  true_acc         diff
0        0.000596   0.036569  0.032607  6630.160420
1        0.001909   0.695053  0.611663  4136.589093
2        0.003222   0.899473  0.770024  2035.015819
3        0.004534   0.959643  0.808426   837.110460
4        0.005847   0.980224  0.824150   403.763450
5        0.007160   0.985342  0.833333   279.910443
6        0.008473   0.986118  0.848895   254.035022
7        0.009786   0.987266  0.851904   257.500653
8        0.011099   0.986984  0.851606   265.987776
9        0.012412   0.987854  0.858069   257.753930
10       0.013725   0.989054  0.866897   228.975284
11       0.015038   0.990160  0.876470   198.541710
12       0.016350   0.991088  0.877936   178.480318
13       0.017663   0.991939  0.882190   147.619682
14       0.018976   0.992420  0.883114   133.302662
15       0.020289   0.992711  0.880629   120.997693
16       0.021602   0.994750  0.889115   100.709521
17       0.022915   0.995826  0.891523    83.216387
18       0.024228   0.997205  0.887815    65.123304
19       0.025541   0.997446  0.891819    58.444156
20       0.026854   0.997983  0.900869    51.129832
21       0.028167   0.997228  0.903859    44.012888
22       0.029479   0.997664  0.902747    43.197062
23       0.030792   0.998107  0.905938    36.315431
24       0.032105   0.998150  0.905735    36.441253
25       0.033418   0.998445  0.907232    35.169992
26       0.034731   0.998084  0.905759    36.092624
27       0.036044   0.997183  0.902765    36.139139
28       0.037357   0.998115  0.903085    37.522774
29       0.038670   0.997955  0.901691    38.853368
30       0.039983   0.998255  0.910674    40.948526
31       0.041295   0.998706  0.915055    43.823931
32       0.042608   0.998709  0.912495    46.707617
33       0.043921   0.998058  0.908180    46.958609
34       0.045234   0.998331  0.908209    44.414989
35       0.046547   0.998690  0.917088    40.849727
36       0.047860   0.998040  0.916447    37.726415
37       0.049173   0.997986  0.916129    35.327027
38       0.050486   0.998595  0.917693    34.339196
39       0.051799   0.998160  0.919344    31.616149
40       0.053112   0.997967  0.916164    28.192631
41       0.054424   0.998600  0.919034    27.851077
42       0.055737   0.998428  0.914353    25.455412
43       0.057050   0.997718  0.913224    24.957477
44       0.058363   0.998243  0.912099    23.224458
45       0.059676   0.998270  0.914952    21.756234
46       0.060989   0.998297  0.916089    21.068911
47       0.062302   0.997671  0.913042    18.688600
48       0.063615   0.998459  0.910702    18.314372
49       0.064928   0.998334  0.912001    17.489628
50       0.066241   0.998804  0.909969    18.604744
51       0.067553   0.998541  0.910746    18.563448
52       0.068866   0.997684  0.911246    18.784449
53       0.070179   0.997980  0.913019    19.857362
54       0.071492   0.998372  0.912154    18.675354
55       0.072805   0.998325  0.915292    18.392889
56       0.074118   0.998191  0.915908    18.005605
57       0.075431   0.997843  0.919443    18.343314
58       0.076744   0.998157  0.923746    18.666531
59       0.078057   0.998528  0.921823    18.734022
60       0.079369   0.998292  0.919888    19.045949
61       0.080682   0.998528  0.921255    19.967584
62       0.081995   0.998427  0.922147    19.599306
63       0.083308   0.998337  0.924516    19.679460
64       0.084621   0.998094  0.926634    20.818068
65       0.085934   0.998252  0.926637    21.159333
66       0.087247   0.998650  0.925275    20.219750
67       0.088560   0.998506  0.926044    19.654906
68       0.089873   0.998204  0.927566    20.478964
69       0.091186   0.998246  0.926633    20.404000
70       0.092498   0.998241  0.925931    19.186180
71       0.093811   0.998359  0.925160    17.576218
72       0.095124   0.998329  0.922372    16.110254
73       0.096437   0.998619  0.921089    15.172311
74       0.097750   0.998736  0.921473    14.553653
75       0.099063   0.998697  0.923977    14.712044
76       0.100376   0.999054  0.924751    15.039263
77       0.101689   0.998810  0.927551    15.277198
78       0.103002   0.998435  0.927089    14.859505
79       0.104314   0.998535  0.928460    14.583916
80       0.105627   0.998692  0.929786    14.595745
81       0.106940   0.998787  0.929305    14.136129
82       0.108253   0.998653  0.928671    13.720737
83       0.109566   0.998562  0.926261    13.668347
84       0.110879   0.998526  0.925924    13.544647
85       0.112192   0.998515  0.926266    13.635550
86       0.113505   0.998503  0.924388    14.305923
87       0.114818   0.998520  0.923629    14.857539
88       0.116131   0.998766  0.923073    14.470293
89       0.117443   0.998814  0.921465    13.897093
90       0.118756   0.998634  0.921929    13.737257
91       0.120069   0.998393  0.922234    14.072842
92       0.121382   0.998310  0.921346    14.299337
93       0.122695   0.998530  0.919891    14.128698
94       0.124008   0.998753  0.915844    14.224563
95       0.125321   0.998757  0.913776    14.514016
96       0.126634   0.998860  0.917559    14.539836
97       0.127947   0.998693  0.919352    14.649750
98       0.129260   0.998449  0.918582    15.083655
99       0.130572   0.998364  0.918427    15.551445
100      0.131885   0.998389  0.919434    15.553015
101      0.133198   0.998422  0.920340    15.143779
102      0.134511   0.998205  0.918739    15.095244
103      0.135824   0.997966  0.916522    15.957980
104      0.137137   0.998133  0.915257    16.956097
105      0.138450   0.998429  0.913287    17.215766
106      0.139763   0.998237  0.911806    16.986088
107      0.141076   0.998010  0.913355    16.573975
108      0.142388   0.998093  0.916492    16.058673
109      0.143701   0.998347  0.918975    15.473509
110      0.145014   0.998391  0.921052    14.914516
111      0.146327   0.998234  0.922284    14.687748
112      0.147640   0.998245  0.921849    14.537335
113      0.148953   0.998314  0.919727    14.689419
114      0.150266   0.998318  0.917846    14.980912
115      0.151579   0.998495  0.918164    15.220378
116      0.152892   0.998833  0.918807    15.283156
117      0.154205   0.998860  0.917845    15.465966
118      0.155517   0.998664  0.916009    15.349934
119      0.156830   0.998581  0.916081    15.241182
120      0.158143   0.998761  0.916440    15.378607
121      0.159456   0.998861  0.916258    15.661098
122      0.160769   0.998692  0.916031    15.601708
123      0.162082   0.998658  0.915849    15.342340
124      0.163395   0.998676  0.916341    15.021213
125      0.164708   0.998630  0.916847    14.350176
126      0.166021   0.998474  0.917269    13.982649
127      0.167334   0.998372  0.917174    13.949027
128      0.168646   0.998482  0.917698    14.548201
129      0.169959   0.998420  0.918666    15.071145
130      0.171272   0.998393  0.919694    15.164897
131      0.172585   0.998503  0.920439    15.243882
132      0.173898   0.998785  0.921771    15.393058
133      0.175211   0.998939  0.923880    15.463386
134      0.176524   0.998903  0.923662    15.368580
135      0.177837   0.998660  0.922865    15.112868
136      0.179150   0.998451  0.921240    15.099697
137      0.180462   0.998322  0.920441    15.187644
138      0.181775   0.998307  0.919354    15.056067
139      0.183088   0.998196  0.919111    15.008843
140      0.184401   0.998063  0.919563    15.210514
141      0.185714   0.997997  0.919928    15.695839
142      0.187027   0.998160  0.920697    16.042956
143      0.188340   0.998470  0.921331    15.720392
144      0.189653   0.998686  0.922583    15.000786
145      0.190966   0.998786  0.923788    14.297021
146      0.192279   0.998757  0.925041    14.136156
147      0.193591   0.998672  0.925198    14.186814
148      0.194904   0.998612  0.924447    14.134770
149      0.196217   0.998665  0.924244    14.217696
150      0.197530   0.998795  0.924799    14.387083
151      0.198843   0.998727  0.925112    14.629642
152      0.200156   0.998701  0.924865    14.538453
153      0.201469   0.998600  0.925006    14.312847
154      0.202782   0.998434  0.925901    14.191405
155      0.204095   0.998153  0.926796    14.465227
156      0.205407   0.998022  0.926960    14.715778
157      0.206720   0.997998  0.926507    14.853926
158      0.208033   0.998145  0.926953    14.742112
159      0.209346   0.998257  0.927822    14.536898
160      0.210659   0.998346  0.929330    14.138867
161      0.211972   0.998275  0.931232    13.864932
162      0.213285   0.998050  0.933383    13.868581
163      0.214598   0.997876  0.934687    13.832745
164      0.215911   0.997911  0.934531    13.763704
165      0.217224   0.998224  0.933642    13.734434
166      0.218536   0.998497  0.933031    14.014098
167      0.219849   0.998720  0.933231    14.257409
168      0.221162   0.998764  0.933731    14.377488
169      0.222475   0.998726  0.933423    14.214447
170      0.223788   0.998564  0.933377    14.036759
171      0.225101   0.998319  0.933540    13.940468
172      0.226414   0.998099  0.934066    13.775851
173      0.227727   0.998284  0.935017    13.580416
174      0.229040   0.998477  0.936000    13.112333
175      0.230353   0.998751  0.936893    12.560039
176      0.231665   0.998636  0.936585    12.662822
177      0.232978   0.998616  0.936038    13.179714
178      0.234291   0.998429  0.934983    13.855057
179      0.235604   0.998237  0.934382    14.392418
180      0.236917   0.998103  0.933967    14.750009
181      0.238230   0.998167  0.933862    14.801110
182      0.239543   0.998288  0.933862    14.517243
183      0.240856   0.998362  0.933842    14.150443
184      0.242169   0.998553  0.933559    13.929760
185      0.243481   0.998711  0.934339    13.993440
186      0.244794   0.998853  0.935176    14.102991
187      0.246107   0.998720  0.936318    14.033448
188      0.247420   0.998547  0.936335    13.874370
189      0.248733   0.998350  0.935974    13.907778
190      0.250046   0.998241  0.935995    14.089441
191      0.251359   0.998237  0.936709    14.232040
192      0.252672   0.997929  0.938035    14.347579
193      0.253985   0.997692  0.939187    14.305743
194      0.255298   0.997618  0.939248    14.265144
195      0.256610   0.997810  0.939639    14.079980
196      0.257923   0.998102  0.940030    13.936845
197      0.259236   0.998331  0.940421    13.847731
198      0.260549   0.998264  0.940261    13.901966
199      0.261862   0.997978  0.939224    13.919079
200      0.263175   0.997825  0.937913    13.910190
201      0.264488   0.997920  0.936603    13.737574
202      0.265801   0.998372  0.937393    13.534011
203      0.267114   0.998693  0.938230    13.442751
204      0.268426   0.998804  0.939088    13.387269
205      0.269739   0.998752  0.939101    13.446539
206      0.271052   0.998528  0.939369    13.484006
207      0.272365   0.998263  0.939839    13.426322
208      0.273678   0.997921  0.940111    13.276471
209      0.274991   0.997714  0.940233    13.202808
210      0.276304   0.997765  0.939793    13.235978
211      0.277617   0.998038  0.939207    13.203741
212      0.278930   0.998365  0.938192    13.010266
213      0.280243   0.998649  0.936734    12.728559
214      0.281555   0.998760  0.936420    12.614136
215      0.282868   0.998741  0.936803    12.619403
216      0.284181   0.998757  0.937393    12.558411
217      0.285494   0.998839  0.937792    12.538244
218      0.286807   0.998997  0.938029    12.431232
219      0.288120   0.999095  0.938945    12.465077
220      0.289433   0.999077  0.939970    12.470746
221      0.290746   0.998902  0.940118    12.571084
222      0.292059   0.998675  0.939315    12.522432
223      0.293372   0.998473  0.938513    12.367430
224      0.294684   0.998318  0.937831    12.345102
225      0.295997   0.998280  0.937699    12.518665
226      0.297310   0.998319  0.937226    12.684850
227      0.298623   0.998400  0.936370    12.998663
228      0.299936   0.998412  0.935563    13.074412
229      0.301249   0.998470  0.936185    13.096702
230      0.302562   0.998560  0.937810    13.127896
231      0.303875   0.998534  0.939434    13.011819
232      0.305188   0.998413  0.940172    12.805361
233      0.306500   0.998220  0.939419    12.514604
234      0.307813   0.998208  0.938601    12.413144
235      0.309126   0.998425  0.938034    12.482278
236      0.310439   0.998714  0.938605    12.828879
237      0.311752   0.998885  0.938975    13.015973
238      0.313065   0.998916  0.938814    12.931700
239      0.314378   0.998851  0.937529    12.500495
240      0.315691   0.998742  0.936361    12.305479
241      0.317004   0.998526  0.935223    12.464715
242      0.318317   0.998386  0.935982    12.974351
243      0.319629   0.998279  0.937148    13.324379
244      0.320942   0.998359  0.938429    13.140411
245      0.322255   0.998624  0.939863    12.805905
246      0.323568   0.998902  0.941578    12.394245
247      0.324881   0.999092  0.942645    12.293003
248      0.326194   0.998997  0.943128    12.408516
249      0.327507   0.998879  0.942774    12.452428
250      0.328820   0.998771  0.942833    12.341506
251      0.330133   0.998771  0.943401    12.021820
252      0.331445   0.998794  0.943618    11.725140
253      0.332758   0.998821  0.942683    11.617421
254      0.334071   0.998857  0.940950    11.660404
255      0.335384   0.998883  0.939547    11.863617
256      0.336697   0.998897  0.938854    12.005502
257      0.338010   0.998939  0.938271    12.062314
258      0.339323   0.998839  0.938682    12.124199
259      0.340636   0.998713  0.939445    12.141552
260      0.341949   0.998546  0.940526    12.194040
261      0.343262   0.998486  0.942608    12.021295
262      0.344574   0.998515  0.943004    11.792749
263      0.345887   0.998529  0.941282    11.469904
264      0.347200   0.998496  0.939521    11.267055
265      0.348513   0.998391  0.938456    11.110616
266      0.349826   0.998307  0.938471    10.970343
267      0.351139   0.998287  0.938439    10.841183
268      0.352452   0.998367  0.938552    10.711941
269      0.353765   0.998526  0.938965    10.727222
270      0.355078   0.998748  0.939153    10.866377
271      0.356391   0.998969  0.939502    10.955068
272      0.357703   0.999162  0.939899    11.064987
273      0.359016   0.999206  0.940296    11.299258
274      0.360329   0.999084  0.940284    11.409034
275      0.361642   0.998836  0.939932    11.639343
276      0.362955   0.998705  0.939175    11.687251
277      0.364268   0.998710  0.938074    11.563453
278      0.365581   0.998727  0.937253    11.489831
279      0.366894   0.998715  0.936701    11.414919
280      0.368207   0.998732  0.937465    11.438487
281      0.369519   0.998825  0.938680    11.485453
282      0.370832   0.998936  0.940100    11.361759
283      0.372145   0.998926  0.940806    11.241931
284      0.373458   0.998678  0.940845    11.247120
285      0.374771   0.998459  0.939597    11.277733
286      0.376084   0.998274  0.938655    11.462485
287      0.377397   0.998299  0.937990    11.578888
288      0.378710   0.998466  0.937831    11.620180
289      0.380023   0.998658  0.937831    11.621043
290      0.381336   0.998764  0.937831    11.619843
291      0.382648   0.998793  0.937831    11.669942
292      0.383961   0.998814  0.937831    11.737754
293      0.385274   0.998706  0.938046    11.798350
294      0.386587   0.998658  0.938049    11.929345
295      0.387900   0.998524  0.938053    12.027151
296      0.389213   0.998519  0.938056    12.031452
297      0.390526   0.998607  0.937789    11.990131
298      0.391839   0.998571  0.936842    12.095230
299      0.393152   0.998516  0.935675    12.244014
300      0.394464   0.998519  0.934507    12.254393
301      0.395777   0.998619  0.933819    12.120960
302      0.397090   0.998667  0.933517    11.922309
303      0.398403   0.998627  0.933530    11.719999
304      0.399716   0.998486  0.933518    11.717198
305      0.401029   0.998504  0.933621    11.843470
306      0.402342   0.998639  0.933940    12.015881
307      0.403655   0.998796  0.933862    12.264892
308      0.404968   0.998918  0.933862    12.298142
309      0.406281   0.998858  0.933541    12.380143
310      0.407593   0.998765  0.933254    12.403663
311      0.408906   0.998612  0.934051    12.229551
312      0.410219   0.998584  0.935469    12.030486
313      0.411532   0.998517  0.936969    11.985192
314      0.412845   0.998572  0.938123    12.041530
315      0.414158   0.998589  0.938851    12.108023
316      0.415471   0.998673  0.939153    12.031614
317      0.416784   0.998751  0.939153    11.828101
318      0.418097   0.998736  0.939153    11.595122
319      0.419410   0.998695  0.939716    11.509982
320      0.420722   0.998668  0.940424    11.554631
321      0.422035   0.998618  0.941133    11.605539
322      0.423348   0.998526  0.941607    11.726584
323      0.424661   0.998488  0.940783    11.754545
324      0.425974   0.998480  0.939960    11.769409
325      0.427287   0.998603  0.939535    11.859256
326      0.428600   0.998615  0.940029    11.796282
327      0.429913   0.998540  0.940815    11.714231
328      0.431226   0.998496  0.941274    11.649236
329      0.432538   0.998548  0.941668    11.867914
330      0.433851   0.998646  0.941304    12.104378
331      0.435164   0.998775  0.941001    12.525992
332      0.436477   0.998681  0.940838    12.752645
333      0.437790   0.998532  0.941453    12.939519
334      0.439103   0.998391  0.942278    12.715917
335      0.440416   0.998395  0.942982    12.502585
336      0.441729   0.998571  0.942683    12.353134
337      0.443042   0.998673  0.942539    12.295597
338      0.444355   0.998733  0.942574    12.244261
339      0.445667   0.998760  0.942171    12.181147
340      0.446980   0.998854  0.941724    12.215944
341      0.448293   0.999011  0.940807    12.286154
342      0.449606   0.999149  0.940429    12.239232
343      0.450919   0.999117  0.940282    12.121075
344      0.452232   0.999056  0.940328    12.025327
345      0.453545   0.998886  0.940130    11.924417
346      0.454858   0.998757  0.939984    11.865571
347      0.456171   0.998724  0.940146    12.003194
348      0.457484   0.998624  0.940166    12.303640
349      0.458796   0.998595  0.940570    12.827842
350      0.460109   0.998488  0.941785    13.230837
351      0.461422   0.998385  0.943180    13.644647
352      0.462735   0.998402  0.944026    13.820751
353      0.464048   0.998620  0.944408    14.011079
354      0.465361   0.998872  0.944043    14.047017
355      0.466674   0.998817  0.943677    14.256291
356      0.467987   0.998599  0.943537    14.422505
357      0.469300   0.998399  0.943648    14.586553
358      0.470612   0.998366  0.944362    14.454892
359      0.471925   0.998533  0.944955    13.978251
360      0.473238   0.998617  0.945731    13.727578
361      0.474551   0.998664  0.946151    13.801319
362      0.475864   0.998707  0.946324    14.122704
363      0.477177   0.998738  0.946651    14.557637
364      0.478490   0.998752  0.947210    14.984288
365      0.479803   0.998732  0.948184    15.084654
366      0.481116   0.998710  0.949222    14.830860
367      0.482429   0.998650  0.949495    14.550238
368      0.483741   0.998603  0.948727    14.318429
369      0.485054   0.998514  0.947941    14.235851
370      0.486367   0.998356  0.947624    14.166920
371      0.487680   0.998258  0.948004    14.373713
372      0.488993   0.998205  0.948044    14.575189
373      0.490306   0.998397  0.947620    14.867012
374      0.491619   0.998567  0.946925    15.015196
375      0.492932   0.998688  0.946674    14.957349
376      0.494245   0.998663  0.946984    15.001549
377      0.495557   0.998671  0.947586    15.085790
378      0.496870   0.998680  0.947951    15.329331
379      0.498183   0.998770  0.948089    15.585652
380      0.499496   0.998860  0.948221    15.954308
381      0.500809   0.998910  0.948353    16.220204
382      0.502122   0.998865  0.948760    16.396593
383      0.503435   0.998694  0.949140    16.456456
384      0.504748   0.998709  0.949519    16.256419
385      0.506061   0.998696  0.949530    15.826536
386      0.507374   0.998728  0.949166    15.693170
387      0.508686   0.998758  0.948802    15.896299
388      0.509999   0.998904  0.948438    16.150784
389      0.511312   0.999095  0.947790    16.090756
390      0.512625   0.999130  0.947033    15.968585
391      0.513938   0.998956  0.946031    16.007267
392      0.515251   0.998782  0.945320    16.284373
393      0.516564   0.998700  0.945711    16.771110
394      0.517877   0.998707  0.945361    17.293610
395      0.519190   0.998776  0.945437    17.771100
396      0.520503   0.998810  0.944996    18.245479
397      0.521815   0.998811  0.944855    18.582218
398      0.523128   0.998870  0.944999    18.863550
399      0.524441   0.999007  0.944598    19.311473
400      0.525754   0.999049  0.945321    19.832598
401      0.527067   0.998976  0.945970    20.421881
402      0.528380   0.998723  0.945749    20.804760
403      0.529693   0.998448  0.946543    21.010763
404      0.531006   0.998139  0.946855    21.096903
405      0.532319   0.998004  0.947266    21.199209
406      0.533631   0.997976  0.946373    21.344988
407      0.534944   0.998184  0.946668    21.407260
408      0.536257   0.998405  0.947031    21.214572
409      0.537570   0.998631  0.947409    21.219593
410      0.538883   0.998637  0.947675    21.570353
411      0.540196   0.998589  0.948761    22.182522
412      0.541509   0.998422  0.948903    22.696692
413      0.542822   0.998397  0.948174    23.066655
414      0.544135   0.998441  0.947364    23.416048
415      0.545448   0.998330  0.947031    23.784956
416      0.546760   0.998207  0.946651    24.243903
417      0.548073   0.998025  0.945830    24.798090
418      0.549386   0.997821  0.945057    25.480356
419      0.550699   0.997510  0.944548    25.872506
420      0.552012   0.997297  0.944579    26.135463
421      0.553325   0.997284  0.944589    26.335601
422      0.554638   0.997352  0.945354    26.610383
423      0.555951   0.997469  0.948032    26.917123
424      0.557264   0.997406  0.950840    27.352737
425      0.558576   0.997311  0.952185    27.740149
426      0.559889   0.997000  0.952381    28.156562
427      0.561202   0.996746  0.952381    28.817049
428      0.562515   0.996741  0.952172    29.453318
429      0.563828   0.996792  0.951449    30.125412
430      0.565141   0.996858  0.950726    30.798485
431      0.566454   0.996651  0.949999    31.323350
432      0.567767   0.996539  0.950053    31.740209
433      0.569080   0.996347  0.950021    32.308160
434      0.570393   0.996282  0.949988    32.719728
435      0.571705   0.996207  0.949705    33.217090
436      0.573018   0.996081  0.949612    33.444224
437      0.574331   0.996048  0.949545    33.860434
438      0.575644   0.996090  0.949735    34.276287
439      0.576957   0.996189  0.949658    34.567268
440      0.578270   0.996272  0.950151    34.553382
441      0.579583   0.996233  0.950733    34.383311
442      0.580896   0.996203  0.951645    34.170104
443      0.582209   0.996273  0.951595    34.212541
444      0.583522   0.996380  0.951226    34.388840
445      0.584834   0.996263  0.950576    34.674676
446      0.586147   0.996047  0.950159    34.730168
447      0.587460   0.995711  0.952267    34.702886
448      0.588773   0.995482  0.954604    34.706561
449      0.590086   0.995424  0.955796    34.982000
450      0.591399   0.995395  0.956194    35.590387
451      0.592712   0.995391  0.956266    36.152475
452      0.594025   0.995321  0.955115    36.868798
453      0.595338   0.995301  0.954242    37.292745
454      0.596650   0.995167  0.954226    37.564257
455      0.597963   0.994978  0.955824    37.775758
456      0.599276   0.994805  0.958228    38.342421
457      0.600589   0.994873  0.960031    38.731082
458      0.601902   0.995069  0.960283    38.882066
459      0.603215   0.995333  0.960254    38.682894
460      0.604528   0.995564  0.960090    38.629962
461      0.605841   0.995528  0.960305    38.710205
462      0.607154   0.995429  0.960622    38.736788
463      0.608467   0.995241  0.960806    38.857121
464      0.609779   0.995094  0.960909    39.206480
465      0.611092   0.994968  0.961022    39.716225
466      0.612405   0.994891  0.961429    40.129408
467      0.613718   0.994779  0.962055    40.060336
468      0.615031   0.994753  0.962019    39.986775
469      0.616344   0.994787  0.961982    39.841956
470      0.617657   0.994829  0.961570    39.758592
471      0.618970   0.994834  0.962326    39.873748
472      0.620283   0.994850  0.963945    40.186280
473      0.621595   0.994716  0.965256    40.373833
474      0.622908   0.994575  0.965608    40.541335
475      0.624221   0.994449  0.965794    40.749859
476      0.625534   0.994528  0.966306    40.684933
477      0.626847   0.994549  0.966415    40.618689
478      0.628160   0.994521  0.965076    40.368604
479      0.629473   0.994426  0.963438    40.102610
480      0.630786   0.994501  0.963238    39.508986
481      0.632099   0.994588  0.963642    38.961457
482      0.633412   0.994554  0.963762    38.515653
483      0.634724   0.994561  0.963609    38.467620
484      0.636037   0.994678  0.962976    38.486518
485      0.637350   0.994684  0.962313    38.206454
486      0.638663   0.994594  0.961904    37.857955
487      0.639976   0.994326  0.961932    37.416194
488      0.641289   0.994343  0.962681    37.397090
489      0.642602   0.994394  0.963861    37.506983
490      0.643915   0.994603  0.964436    37.654726
491      0.645228   0.994783  0.965037    37.791326
492      0.646541   0.994898  0.965622    38.099881
493      0.647853   0.994716  0.966526    38.516481
494      0.649166   0.994538  0.967425    38.815586
495      0.650479   0.994483  0.968602    38.732512
496      0.651792   0.994645  0.970630    38.364418
497      0.653105   0.994690  0.972563    38.274726
498      0.654418   0.994795  0.974274    37.927175
499      0.655731   0.994863  0.975059    37.871656
avg_random_sel_results
     runtime_frac  cross_acc  true_acc  diff
0        0.000589   0.493326  0.495566   0.0
1        0.001902   0.642071  0.662696   0.0
2        0.003215   0.672247  0.708444   0.0
3        0.004528   0.689077  0.712334   0.0
4        0.005841   0.713960  0.739487   0.0
5        0.007154   0.734380  0.758034   0.0
6        0.008467   0.751890  0.769378   0.0
7        0.009779   0.765341  0.785101   0.0
8        0.011092   0.773288  0.799189   0.0
9        0.012405   0.779902  0.808530   0.0
10       0.013718   0.791381  0.820357   0.0
11       0.015031   0.802644  0.825457   0.0
12       0.016344   0.811005  0.826680   0.0
13       0.017657   0.812493  0.823285   0.0
14       0.018970   0.818734  0.818185   0.0
15       0.020283   0.818710  0.819610   0.0
16       0.021596   0.821078  0.825882   0.0
17       0.022909   0.826746  0.831252   0.0
18       0.024221   0.829060  0.830239   0.0
19       0.025534   0.834245  0.838807   0.0
20       0.026847   0.839286  0.858753   0.0
21       0.028160   0.842688  0.866305   0.0
22       0.029473   0.844153  0.855344   0.0
23       0.030786   0.847605  0.854322   0.0
24       0.032099   0.853873  0.855919   0.0
25       0.033412   0.855271  0.859729   0.0
26       0.034725   0.859058  0.863885   0.0
27       0.036038   0.863235  0.865351   0.0
28       0.037351   0.866324  0.862554   0.0
29       0.038663   0.867913  0.861661   0.0
30       0.039976   0.869782  0.863583   0.0
31       0.041289   0.872205  0.874226   0.0
32       0.042602   0.873372  0.882736   0.0
33       0.043915   0.874262  0.880579   0.0
34       0.045228   0.875426  0.881157   0.0
35       0.046541   0.879798  0.880162   0.0
36       0.047854   0.883759  0.884268   0.0
37       0.049167   0.887229  0.889599   0.0
38       0.050480   0.888194  0.889669   0.0
39       0.051793   0.891033  0.889361   0.0
40       0.053105   0.891524  0.894824   0.0
41       0.054418   0.889365  0.894424   0.0
42       0.055731   0.890527  0.890691   0.0
43       0.057044   0.893046  0.888377   0.0
44       0.058357   0.895988  0.895634   0.0
45       0.059670   0.897591  0.895696   0.0
46       0.060983   0.898079  0.892163   0.0
47       0.062296   0.897943  0.887989   0.0
48       0.063609   0.897966  0.888374   0.0
49       0.064922   0.898041  0.893929   0.0
50       0.066235   0.898136  0.901414   0.0
51       0.067547   0.899019  0.901316   0.0
52       0.068860   0.899636  0.900232   0.0
53       0.070173   0.899602  0.896530   0.0
54       0.071486   0.901691  0.894049   0.0
55       0.072799   0.900753  0.896135   0.0
56       0.074112   0.901274  0.895938   0.0
57       0.075425   0.903350  0.901017   0.0
58       0.076738   0.905896  0.903627   0.0
59       0.078051   0.907257  0.905464   0.0
60       0.079364   0.907775  0.905730   0.0
61       0.080677   0.908372  0.900960   0.0
62       0.081989   0.909255  0.901258   0.0
63       0.083302   0.909611  0.901045   0.0
64       0.084615   0.911441  0.900553   0.0
65       0.085928   0.912412  0.904403   0.0
66       0.087241   0.911366  0.907244   0.0
67       0.088554   0.912215  0.907159   0.0
68       0.089867   0.913848  0.907217   0.0
69       0.091180   0.913237  0.906403   0.0
70       0.092493   0.912841  0.907342   0.0
71       0.093806   0.913878  0.904924   0.0
72       0.095119   0.914732  0.902935   0.0
73       0.096431   0.916846  0.905209   0.0
74       0.097744   0.917861  0.908195   0.0
75       0.099057   0.918564  0.906960   0.0
76       0.100370   0.918267  0.910455   0.0
77       0.101683   0.919260  0.914263   0.0
78       0.102996   0.918852  0.914084   0.0
79       0.104309   0.919819  0.912683   0.0
80       0.105622   0.920203  0.906968   0.0
81       0.106935   0.920453  0.907024   0.0
82       0.108248   0.921376  0.906930   0.0
83       0.109561   0.922275  0.909909   0.0
84       0.110873   0.922268  0.909707   0.0
85       0.112186   0.922455  0.911354   0.0
86       0.113499   0.923534  0.911055   0.0
87       0.114812   0.924109  0.912838   0.0
88       0.116125   0.925383  0.903184   0.0
89       0.117438   0.925521  0.898615   0.0
90       0.118751   0.925865  0.903715   0.0
91       0.120064   0.925465  0.903290   0.0
92       0.121377   0.926848  0.904212   0.0
93       0.122690   0.927183  0.905833   0.0
94       0.124003   0.927884  0.907247   0.0
95       0.125315   0.928929  0.908919   0.0
96       0.126628   0.929601  0.912809   0.0
97       0.127941   0.929627  0.914021   0.0
98       0.129254   0.930794  0.915739   0.0
99       0.130567   0.930208  0.915416   0.0
100      0.131880   0.929225  0.914419   0.0
101      0.133193   0.929114  0.917764   0.0
102      0.134506   0.928203  0.918812   0.0
103      0.135819   0.929001  0.918623   0.0
104      0.137132   0.930022  0.919996   0.0
105      0.138445   0.930753  0.920863   0.0
106      0.139757   0.930327  0.922725   0.0
107      0.141070   0.930383  0.922463   0.0
108      0.142383   0.931101  0.924719   0.0
109      0.143696   0.930813  0.923598   0.0
110      0.145009   0.931466  0.925755   0.0
111      0.146322   0.931907  0.924988   0.0
112      0.147635   0.932997  0.924633   0.0
113      0.148948   0.933337  0.923965   0.0
114      0.150261   0.933224  0.926501   0.0
115      0.151574   0.933562  0.924789   0.0
116      0.152887   0.934122  0.926490   0.0
117      0.154199   0.934838  0.927254   0.0
118      0.155512   0.935354  0.929312   0.0
119      0.156825   0.935233  0.929518   0.0
120      0.158138   0.935421  0.928394   0.0
121      0.159451   0.935525  0.929685   0.0
122      0.160764   0.935922  0.932778   0.0
123      0.162077   0.935862  0.932662   0.0
124      0.163390   0.935102  0.931796   0.0
125      0.164703   0.935476  0.931990   0.0
126      0.166016   0.936191  0.929974   0.0
127      0.167329   0.936142  0.932901   0.0
128      0.168641   0.936512  0.932418   0.0
129      0.169954   0.936275  0.933645   0.0
130      0.171267   0.936581  0.935238   0.0
131      0.172580   0.936932  0.936599   0.0
132      0.173893   0.937557  0.935169   0.0
133      0.175206   0.937710  0.935355   0.0
134      0.176519   0.938663  0.934884   0.0
135      0.177832   0.939287  0.935433   0.0
136      0.179145   0.939663  0.937628   0.0
137      0.180458   0.939636  0.940043   0.0
138      0.181771   0.940007  0.938671   0.0
139      0.183083   0.939102  0.938330   0.0
140      0.184396   0.939057  0.939589   0.0
141      0.185709   0.939039  0.937050   0.0
142      0.187022   0.939505  0.937564   0.0
143      0.188335   0.940785  0.936657   0.0
144      0.189648   0.940677  0.935969   0.0
145      0.190961   0.940670  0.938648   0.0
146      0.192274   0.939709  0.941909   0.0
147      0.193587   0.939970  0.941079   0.0
148      0.194900   0.940518  0.940055   0.0
149      0.196213   0.941212  0.943667   0.0
150      0.197525   0.941803  0.944152   0.0
151      0.198838   0.941644  0.943930   0.0
152      0.200151   0.941251  0.941991   0.0
153      0.201464   0.940654  0.942256   0.0
154      0.202777   0.941690  0.938973   0.0
155      0.204090   0.942073  0.937391   0.0
156      0.205403   0.942814  0.940010   0.0
157      0.206716   0.942792  0.938739   0.0
158      0.208029   0.943369  0.940319   0.0
159      0.209342   0.943291  0.944206   0.0
160      0.210655   0.943928  0.944549   0.0
161      0.211967   0.945018  0.944213   0.0
162      0.213280   0.944539  0.943855   0.0
163      0.214593   0.944762  0.946528   0.0
164      0.215906   0.944788  0.947090   0.0
165      0.217219   0.945273  0.945432   0.0
166      0.218532   0.944764  0.942178   0.0
167      0.219845   0.945197  0.940476   0.0
168      0.221158   0.945245  0.940983   0.0
169      0.222471   0.945995  0.942080   0.0
170      0.223784   0.946659  0.943032   0.0
171      0.225097   0.946638  0.943359   0.0
172      0.226409   0.946207  0.941081   0.0
173      0.227722   0.947142  0.941888   0.0
174      0.229035   0.947117  0.942924   0.0
175      0.230348   0.945824  0.943863   0.0
176      0.231661   0.946136  0.944793   0.0
177      0.232974   0.946235  0.944302   0.0
178      0.234287   0.946207  0.941243   0.0
179      0.235600   0.946545  0.941799   0.0
180      0.236913   0.947136  0.943835   0.0
181      0.238226   0.946479  0.947694   0.0
182      0.239539   0.946436  0.945178   0.0
183      0.240851   0.947425  0.946314   0.0
184      0.242164   0.948499  0.951824   0.0
185      0.243477   0.949079  0.953393   0.0
186      0.244790   0.950062  0.954221   0.0
187      0.246103   0.949945  0.952123   0.0
188      0.247416   0.948672  0.951856   0.0
189      0.248729   0.948701  0.949610   0.0
190      0.250042   0.948181  0.948188   0.0
191      0.251355   0.948650  0.947730   0.0
192      0.252668   0.949158  0.947285   0.0
193      0.253981   0.949936  0.943902   0.0
194      0.255293   0.950644  0.943294   0.0
195      0.256606   0.950660  0.945632   0.0
196      0.257919   0.950757  0.944109   0.0
197      0.259232   0.951189  0.943445   0.0
198      0.260545   0.950393  0.943983   0.0
199      0.261858   0.950391  0.943691   0.0
200      0.263171   0.951031  0.944439   0.0
201      0.264484   0.951611  0.943392   0.0
202      0.265797   0.952093  0.944598   0.0
203      0.267110   0.952377  0.945103   0.0
204      0.268423   0.952964  0.945672   0.0
205      0.269735   0.952385  0.944798   0.0
206      0.271048   0.952007  0.944127   0.0
207      0.272361   0.952165  0.943545   0.0
208      0.273674   0.953243  0.945412   0.0
209      0.274987   0.953234  0.947689   0.0
210      0.276300   0.952763  0.947215   0.0
211      0.277613   0.952633  0.948176   0.0
212      0.278926   0.953833  0.947090   0.0
213      0.280239   0.954359  0.947122   0.0
214      0.281552   0.954403  0.946868   0.0
215      0.282865   0.954405  0.947076   0.0
216      0.284177   0.954723  0.947431   0.0
217      0.285490   0.955001  0.950221   0.0
218      0.286803   0.955697  0.951155   0.0
219      0.288116   0.955615  0.951801   0.0
220      0.289429   0.955037  0.948089   0.0
221      0.290742   0.955227  0.946300   0.0
222      0.292055   0.955982  0.948486   0.0
223      0.293368   0.955458  0.947977   0.0
224      0.294681   0.956220  0.948413   0.0
225      0.295994   0.957283  0.949474   0.0
226      0.297307   0.957230  0.949147   0.0
227      0.298619   0.957179  0.948450   0.0
228      0.299932   0.957265  0.951429   0.0
229      0.301245   0.956822  0.951781   0.0
230      0.302558   0.956911  0.952061   0.0
231      0.303871   0.956849  0.953261   0.0
232      0.305184   0.956508  0.955026   0.0
233      0.306497   0.956487  0.954726   0.0
234      0.307810   0.956364  0.954049   0.0
235      0.309123   0.956368  0.953907   0.0
236      0.310436   0.956410  0.952125   0.0
237      0.311749   0.955883  0.950122   0.0
238      0.313061   0.956055  0.950340   0.0
239      0.314374   0.956373  0.949735   0.0
240      0.315687   0.955701  0.949378   0.0
241      0.317000   0.955652  0.953089   0.0
242      0.318313   0.956484  0.952953   0.0
243      0.319626   0.957446  0.953390   0.0
244      0.320939   0.957219  0.956288   0.0
245      0.322252   0.957854  0.958051   0.0
246      0.323565   0.957498  0.958921   0.0
247      0.324878   0.958014  0.958238   0.0
248      0.326191   0.958246  0.956349   0.0
249      0.327503   0.958643  0.955928   0.0
250      0.328816   0.958732  0.955347   0.0
251      0.330129   0.957929  0.955900   0.0
252      0.331442   0.958060  0.956079   0.0
253      0.332755   0.958515  0.955745   0.0
254      0.334068   0.959413  0.951388   0.0
255      0.335381   0.959468  0.951058   0.0
256      0.336694   0.959184  0.951352   0.0
257      0.338007   0.959140  0.949858   0.0
258      0.339320   0.960320  0.951307   0.0
259      0.340633   0.960685  0.953292   0.0
260      0.341945   0.960243  0.951949   0.0
261      0.343258   0.960269  0.953226   0.0
262      0.344571   0.960683  0.955706   0.0
263      0.345884   0.960221  0.956348   0.0
264      0.347197   0.960403  0.954531   0.0
265      0.348510   0.960966  0.955227   0.0
266      0.349823   0.960461  0.957886   0.0
267      0.351136   0.960358  0.958995   0.0
268      0.352449   0.961574  0.956907   0.0
269      0.353762   0.961301  0.957073   0.0
270      0.355075   0.961323  0.955055   0.0
271      0.356387   0.961138  0.954828   0.0
272      0.357700   0.961317  0.954026   0.0
273      0.359013   0.961228  0.954597   0.0
274      0.360326   0.961342  0.952294   0.0
275      0.361639   0.961762  0.950569   0.0
276      0.362952   0.962212  0.952437   0.0
277      0.364265   0.962636  0.951484   0.0
278      0.365578   0.962873  0.949437   0.0
279      0.366891   0.962571  0.949609   0.0
280      0.368204   0.963157  0.949587   0.0
281      0.369517   0.962900  0.950189   0.0
282      0.370829   0.963365  0.949735   0.0
283      0.372142   0.964438  0.951821   0.0
284      0.373455   0.964900  0.948506   0.0
285      0.374768   0.964876  0.952431   0.0
286      0.376081   0.963883  0.955885   0.0
287      0.377394   0.963429  0.954087   0.0
288      0.378707   0.963316  0.955461   0.0
289      0.380020   0.963470  0.955083   0.0
290      0.381333   0.963331  0.955699   0.0
291      0.382646   0.963213  0.955576   0.0
292      0.383959   0.963189  0.957601   0.0
293      0.385271   0.962829  0.956767   0.0
294      0.386584   0.962816  0.954711   0.0
295      0.387897   0.963247  0.955132   0.0
296      0.389210   0.963253  0.955401   0.0
297      0.390523   0.963412  0.952891   0.0
298      0.391836   0.963315  0.953219   0.0
299      0.393149   0.963845  0.954351   0.0
300      0.394462   0.964666  0.957030   0.0
301      0.395775   0.964751  0.958611   0.0
302      0.397088   0.965469  0.958104   0.0
303      0.398401   0.966054  0.956906   0.0
304      0.399713   0.965038  0.955762   0.0
305      0.401026   0.965105  0.955185   0.0
306      0.402339   0.965211  0.951672   0.0
307      0.403652   0.965968  0.952286   0.0
308      0.404965   0.965662  0.952441   0.0
309      0.406278   0.966213  0.952906   0.0
310      0.407591   0.966661  0.953255   0.0
311      0.408904   0.966414  0.953125   0.0
312      0.410217   0.966686  0.952381   0.0
313      0.411530   0.966614  0.951679   0.0
314      0.412843   0.967081  0.951350   0.0
315      0.414156   0.967173  0.950745   0.0
316      0.415468   0.967869  0.950023   0.0
317      0.416781   0.967876  0.952116   0.0
318      0.418094   0.968035  0.953529   0.0
319      0.419407   0.968359  0.953409   0.0
320      0.420720   0.968846  0.954165   0.0
321      0.422033   0.969572  0.952396   0.0
322      0.423346   0.969342  0.950641   0.0
323      0.424659   0.969506  0.952049   0.0
324      0.425972   0.969501  0.952701   0.0
325      0.427285   0.970525  0.952819   0.0
326      0.428598   0.969809  0.952614   0.0
327      0.429910   0.969318  0.954528   0.0
328      0.431223   0.969232  0.952854   0.0
329      0.432536   0.969412  0.953040   0.0
330      0.433849   0.969977  0.954271   0.0
331      0.435162   0.969112  0.953082   0.0
332      0.436475   0.968826  0.951186   0.0
333      0.437788   0.969091  0.952381   0.0
334      0.439101   0.969110  0.952381   0.0
335      0.440414   0.969311  0.952722   0.0
336      0.441727   0.968902  0.955059   0.0
337      0.443040   0.968744  0.955679   0.0
338      0.444352   0.969101  0.954904   0.0
339      0.445665   0.969499  0.955080   0.0
340      0.446978   0.969709  0.955669   0.0
341      0.448291   0.970716  0.954637   0.0
342      0.449604   0.970798  0.953687   0.0
343      0.450917   0.970848  0.950980   0.0
344      0.452230   0.970835  0.950836   0.0
345      0.453543   0.971039  0.951132   0.0
346      0.454856   0.971411  0.953281   0.0
347      0.456169   0.971180  0.953704   0.0
348      0.457482   0.971297  0.954395   0.0
349      0.458794   0.971963  0.957124   0.0
350      0.460107   0.972272  0.957162   0.0
351      0.461420   0.972247  0.953415   0.0
352      0.462733   0.972573  0.953578   0.0
353      0.464046   0.972288  0.952921   0.0
354      0.465359   0.972470  0.953663   0.0
355      0.466672   0.972499  0.952663   0.0
356      0.467985   0.973002  0.953888   0.0
357      0.469298   0.973482  0.958674   0.0
358      0.470611   0.973354  0.961584   0.0
359      0.471924   0.973681  0.960670   0.0
360      0.473236   0.973628  0.961579   0.0
361      0.474549   0.973663  0.958383   0.0
362      0.475862   0.974238  0.957394   0.0
363      0.477175   0.974646  0.955916   0.0
364      0.478488   0.974426  0.956021   0.0
365      0.479801   0.974044  0.956286   0.0
366      0.481114   0.974163  0.957672   0.0
367      0.482427   0.973910  0.957688   0.0
368      0.483740   0.974098  0.960794   0.0
369      0.485053   0.974346  0.959116   0.0
370      0.486366   0.974225  0.959544   0.0
371      0.487678   0.974008  0.961304   0.0
372      0.488991   0.974491  0.963441   0.0
373      0.490304   0.974822  0.964101   0.0
374      0.491617   0.974358  0.962942   0.0
375      0.492930   0.974363  0.960859   0.0
376      0.494243   0.974914  0.960317   0.0
377      0.495556   0.974839  0.961358   0.0
378      0.496869   0.974774  0.963877   0.0
379      0.498182   0.975049  0.964678   0.0
380      0.499495   0.975765  0.965502   0.0
381      0.500808   0.976054  0.964592   0.0
382      0.502120   0.976860  0.964790   0.0
383      0.503433   0.976971  0.964593   0.0
384      0.504746   0.976561  0.962795   0.0
385      0.506059   0.977111  0.961640   0.0
386      0.507372   0.977609  0.962963   0.0
387      0.508685   0.978009  0.962511   0.0
388      0.509998   0.978204  0.961640   0.0
389      0.511311   0.977893  0.961640   0.0
390      0.512624   0.978842  0.963348   0.0
391      0.513937   0.978886  0.964286   0.0
392      0.515250   0.978552  0.963120   0.0
393      0.516562   0.978413  0.964045   0.0
394      0.517875   0.978318  0.962456   0.0
395      0.519188   0.978199  0.963478   0.0
396      0.520501   0.978586  0.964537   0.0
397      0.521814   0.979089  0.964317   0.0
398      0.523127   0.979078  0.965129   0.0
399      0.524440   0.979196  0.965112   0.0
400      0.525753   0.978954  0.964507   0.0
401      0.527066   0.978831  0.963428   0.0
402      0.528379   0.978922  0.961980   0.0
403      0.529692   0.979536  0.961640   0.0
404      0.531004   0.979874  0.961640   0.0
405      0.532317   0.979684  0.962555   0.0
406      0.533630   0.979412  0.964184   0.0
407      0.534943   0.979113  0.965000   0.0
408      0.536256   0.978762  0.964644   0.0
409      0.537569   0.978147  0.965366   0.0
410      0.538882   0.978334  0.965658   0.0
411      0.540195   0.978450  0.963311   0.0
412      0.541508   0.979168  0.962963   0.0
413      0.542821   0.979336  0.963616   0.0
414      0.544134   0.979542  0.964238   0.0
415      0.545446   0.979846  0.964533   0.0
416      0.546759   0.979659  0.966826   0.0
417      0.548072   0.980109  0.968374   0.0
418      0.549385   0.981038  0.967225   0.0
419      0.550698   0.981313  0.967605   0.0
420      0.552011   0.981443  0.967999   0.0
421      0.553324   0.981596  0.967039   0.0
422      0.554637   0.981433  0.967529   0.0
423      0.555950   0.981356  0.967723   0.0
424      0.557263   0.981424  0.968254   0.0
425      0.558576   0.981458  0.967830   0.0
426      0.559888   0.981939  0.966755   0.0
427      0.561201   0.982080  0.967386   0.0
428      0.562514   0.981556  0.969033   0.0
429      0.563827   0.981700  0.968254   0.0
430      0.565140   0.982044  0.968254   0.0
431      0.566453   0.982352  0.968254   0.0
432      0.567766   0.982279  0.967426   0.0
433      0.569079   0.981939  0.966679   0.0
434      0.570392   0.982425  0.966358   0.0
435      0.571705   0.982649  0.967340   0.0
436      0.573018   0.982280  0.968080   0.0
437      0.574330   0.982168  0.968254   0.0
438      0.575643   0.982325  0.968254   0.0
439      0.576956   0.982267  0.968254   0.0
440      0.578269   0.982269  0.968254   0.0
441      0.579582   0.982359  0.967963   0.0
442      0.580895   0.982339  0.966978   0.0
443      0.582208   0.982024  0.969237   0.0
444      0.583521   0.981686  0.969052   0.0
445      0.584834   0.981940  0.970184   0.0
446      0.586147   0.982034  0.971402   0.0
447      0.587460   0.982085  0.970899   0.0
448      0.588772   0.982203  0.971516   0.0
449      0.590085   0.981938  0.970899   0.0
450      0.591398   0.981897  0.972222   0.0
451      0.592711   0.982161  0.972222   0.0
452      0.594024   0.982881  0.972222   0.0
453      0.595337   0.983422  0.972269   0.0
454      0.596650   0.983568  0.974274   0.0
455      0.597963   0.983730  0.973545   0.0
456      0.599276   0.983937  0.972222   0.0
457      0.600589   0.984204  0.972222   0.0
458      0.601902   0.984797  0.971799   0.0
459      0.603214   0.984721  0.971269   0.0
460      0.604527   0.984943  0.971344   0.0
461      0.605840   0.984726  0.969865   0.0
462      0.607153   0.984671  0.970274   0.0
463      0.608466   0.984762  0.971101   0.0
464      0.609779   0.985370  0.971948   0.0
465      0.611092   0.985899  0.972222   0.0
466      0.612405   0.985894  0.972222   0.0
467      0.613718   0.986130  0.972222   0.0
468      0.615031   0.986238  0.974423   0.0
469      0.616344   0.986453  0.974879   0.0
470      0.617656   0.987479  0.978347   0.0
471      0.618969   0.987626  0.978836   0.0
472      0.620282   0.987183  0.978836   0.0
473      0.621595   0.987045  0.979380   0.0
474      0.622908   0.988027  0.977168   0.0
475      0.624221   0.988336  0.975623   0.0
476      0.625534   0.988626  0.976418   0.0
477      0.626847   0.989012  0.973475   0.0
478      0.628160   0.989568  0.972075   0.0
479      0.629473   0.989611  0.971930   0.0
480      0.630786   0.989742  0.972086   0.0
481      0.632098   0.989651  0.971250   0.0
482      0.633411   0.989520  0.971816   0.0
483      0.634724   0.990068  0.971221   0.0
484      0.636037   0.990488  0.971585   0.0
485      0.637350   0.990412  0.971170   0.0
486      0.638663   0.990369  0.971768   0.0
487      0.639976   0.990885  0.973207   0.0
488      0.641289   0.991301  0.973493   0.0
489      0.642602   0.991650  0.974008   0.0
490      0.643915   0.991776  0.975678   0.0
491      0.645228   0.991754  0.976190   0.0
492      0.646540   0.991296  0.975905   0.0
493      0.647853   0.991485  0.975277   0.0
494      0.649166   0.991645  0.973960   0.0
495      0.650479   0.991986  0.975380   0.0
496      0.651792   0.992392  0.976153   0.0
497      0.653105   0.992613  0.975583   0.0
498      0.654418   0.993761  0.977035   0.0
499      0.655731   0.994718  0.976304   0.0
avg_var_sel_results
     runtime_frac  cross_acc  true_acc  diff
0        0.000495   0.753568  0.749484   0.0
1        0.001808   0.760129  0.768572   0.0
2        0.003121   0.765655  0.764086   0.0
3        0.004434   0.774200  0.777107   0.0
4        0.005748   0.787061  0.792847   0.0
5        0.007061   0.795701  0.812287   0.0
6        0.008374   0.801872  0.822249   0.0
7        0.009687   0.810431  0.836585   0.0
8        0.011000   0.816064  0.843117   0.0
9        0.012313   0.824482  0.847917   0.0
10       0.013626   0.827565  0.849334   0.0
11       0.014939   0.832208  0.853477   0.0
12       0.016252   0.833379  0.856493   0.0
13       0.017565   0.832570  0.861074   0.0
14       0.018879   0.836637  0.867641   0.0
15       0.020192   0.841038  0.873442   0.0
16       0.021505   0.843899  0.880046   0.0
17       0.022818   0.848779  0.881146   0.0
18       0.024131   0.856486  0.889926   0.0
19       0.025444   0.860611  0.897595   0.0
20       0.026757   0.863821  0.904259   0.0
21       0.028070   0.869046  0.909320   0.0
22       0.029383   0.871148  0.908879   0.0
23       0.030696   0.872335  0.909725   0.0
24       0.032010   0.873719  0.912410   0.0
25       0.033323   0.876943  0.915989   0.0
26       0.034636   0.879023  0.917404   0.0
27       0.035949   0.881280  0.917881   0.0
28       0.037262   0.881521  0.917720   0.0
29       0.038575   0.882607  0.916612   0.0
30       0.039888   0.882765  0.914688   0.0
31       0.041201   0.883410  0.912253   0.0
32       0.042514   0.884657  0.908834   0.0
33       0.043827   0.884816  0.908561   0.0
34       0.045140   0.883921  0.907475   0.0
35       0.046454   0.883041  0.906622   0.0
36       0.047767   0.883532  0.907097   0.0
37       0.049080   0.884645  0.906419   0.0
38       0.050393   0.886146  0.908216   0.0
39       0.051706   0.887950  0.908906   0.0
40       0.053019   0.888287  0.908917   0.0
41       0.054332   0.887079  0.910659   0.0
42       0.055645   0.885052  0.913887   0.0
43       0.056958   0.884545  0.914783   0.0
44       0.058271   0.884767  0.914453   0.0
45       0.059585   0.885239  0.913401   0.0
46       0.060898   0.885623  0.912785   0.0
47       0.062211   0.885815  0.914353   0.0
48       0.063524   0.885472  0.918865   0.0
49       0.064837   0.886470  0.920970   0.0
50       0.066150   0.888071  0.921186   0.0
51       0.067463   0.888440  0.924708   0.0
52       0.068776   0.888303  0.925717   0.0
53       0.070089   0.887884  0.923358   0.0
54       0.071402   0.888645  0.920838   0.0
55       0.072716   0.888781  0.916442   0.0
56       0.074029   0.887757  0.919371   0.0
57       0.075342   0.888543  0.922944   0.0
58       0.076655   0.889691  0.924767   0.0
59       0.077968   0.890672  0.925350   0.0
60       0.079281   0.891495  0.927343   0.0
61       0.080594   0.892351  0.931090   0.0
62       0.081907   0.893272  0.932493   0.0
63       0.083220   0.894495  0.932094   0.0
64       0.084533   0.895642  0.935295   0.0
65       0.085847   0.896904  0.940691   0.0
66       0.087160   0.898548  0.941076   0.0
67       0.088473   0.900528  0.941590   0.0
68       0.089786   0.901722  0.944864   0.0
69       0.091099   0.902073  0.946328   0.0
70       0.092412   0.902734  0.947499   0.0
71       0.093725   0.903487  0.947752   0.0
72       0.095038   0.904264  0.945596   0.0
73       0.096351   0.905303  0.945318   0.0
74       0.097664   0.906174  0.946164   0.0
75       0.098977   0.906505  0.946356   0.0
76       0.100291   0.905580  0.945740   0.0
77       0.101604   0.905974  0.942918   0.0
78       0.102917   0.907098  0.940012   0.0
79       0.104230   0.907974  0.942040   0.0
80       0.105543   0.908311  0.942792   0.0
81       0.106856   0.907366  0.943126   0.0
82       0.108169   0.906630  0.943298   0.0
83       0.109482   0.907204  0.942711   0.0
84       0.110795   0.908154  0.942472   0.0
85       0.112108   0.908933  0.942694   0.0
86       0.113422   0.909183  0.946356   0.0
87       0.114735   0.910445  0.946613   0.0
88       0.116048   0.911465  0.943961   0.0
89       0.117361   0.910786  0.941308   0.0
90       0.118674   0.911167  0.937489   0.0
91       0.119987   0.912318  0.939970   0.0
92       0.121300   0.913363  0.941813   0.0
93       0.122613   0.914397  0.942850   0.0
94       0.123926   0.914755  0.942540   0.0
95       0.125239   0.915331  0.941239   0.0
96       0.126553   0.914949  0.940444   0.0
97       0.127866   0.914804  0.941801   0.0
98       0.129179   0.915916  0.943134   0.0
99       0.130492   0.917467  0.942355   0.0
100      0.131805   0.919130  0.941179   0.0
101      0.133118   0.920328  0.940718   0.0
102      0.134431   0.921337  0.939681   0.0
103      0.135744   0.922099  0.939192   0.0
104      0.137057   0.923118  0.939867   0.0
105      0.138370   0.924306  0.942404   0.0
106      0.139684   0.924918  0.942259   0.0
107      0.140997   0.925486  0.941875   0.0
108      0.142310   0.925861  0.941140   0.0
109      0.143623   0.926531  0.941029   0.0
110      0.144936   0.926903  0.941315   0.0
111      0.146249   0.927874  0.940695   0.0
112      0.147562   0.928374  0.941482   0.0
113      0.148875   0.928454  0.942066   0.0
114      0.150188   0.928269  0.940587   0.0
115      0.151501   0.928712  0.940236   0.0
116      0.152814   0.929229  0.942218   0.0
117      0.154128   0.929548  0.940822   0.0
118      0.155441   0.930064  0.941533   0.0
119      0.156754   0.931483  0.941366   0.0
120      0.158067   0.932802  0.940283   0.0
121      0.159380   0.933473  0.941293   0.0
122      0.160693   0.934259  0.943136   0.0
123      0.162006   0.935171  0.945269   0.0
124      0.163319   0.936991  0.943935   0.0
125      0.164632   0.938751  0.944176   0.0
126      0.165945   0.940397  0.941100   0.0
127      0.167259   0.941104  0.940971   0.0
128      0.168572   0.941786  0.945631   0.0
129      0.169885   0.942260  0.944884   0.0
130      0.171198   0.943373  0.946015   0.0
131      0.172511   0.944603  0.947118   0.0
132      0.173824   0.946207  0.945489   0.0
133      0.175137   0.946530  0.944112   0.0
134      0.176450   0.947707  0.944870   0.0
135      0.177763   0.947956  0.948030   0.0
136      0.179076   0.947982  0.949472   0.0
137      0.180390   0.949451  0.948977   0.0
138      0.181703   0.950863  0.949291   0.0
139      0.183016   0.951628  0.949504   0.0
140      0.184329   0.952341  0.949296   0.0
141      0.185642   0.952037  0.947316   0.0
142      0.186955   0.952898  0.946291   0.0
143      0.188268   0.953823  0.946431   0.0
144      0.189581   0.954435  0.946870   0.0
145      0.190894   0.954422  0.947834   0.0
146      0.192207   0.955074  0.950408   0.0
147      0.193520   0.955870  0.951058   0.0
148      0.194834   0.956828  0.950328   0.0
149      0.196147   0.956729  0.951191   0.0
150      0.197460   0.957822  0.952731   0.0
151      0.198773   0.958501  0.952627   0.0
152      0.200086   0.959356  0.949752   0.0
153      0.201399   0.960262  0.951042   0.0
154      0.202712   0.961320  0.953810   0.0
155      0.204025   0.962211  0.955026   0.0
156      0.205338   0.962390  0.954251   0.0
157      0.206651   0.962439  0.953704   0.0
158      0.207965   0.963141  0.952381   0.0
159      0.209278   0.963779  0.952381   0.0
160      0.210591   0.964589  0.954654   0.0
161      0.211904   0.965502  0.957883   0.0
162      0.213217   0.965996  0.959092   0.0
163      0.214530   0.965936  0.959497   0.0
164      0.215843   0.965738  0.959973   0.0
165      0.217156   0.965544  0.960220   0.0
166      0.218469   0.965890  0.960964   0.0
167      0.219782   0.966566  0.964720   0.0
168      0.221096   0.966914  0.963971   0.0
169      0.222409   0.966421  0.965311   0.0
170      0.223722   0.966760  0.965722   0.0
171      0.225035   0.966737  0.963977   0.0
172      0.226348   0.966996  0.963671   0.0
173      0.227661   0.967045  0.965036   0.0
174      0.228974   0.967218  0.965621   0.0
175      0.230287   0.967480  0.967408   0.0
176      0.231600   0.968162  0.969100   0.0
177      0.232913   0.968682  0.968233   0.0
178      0.234227   0.969139  0.966233   0.0
179      0.235540   0.969335  0.964228   0.0
180      0.236853   0.969909  0.965557   0.0
181      0.238166   0.969976  0.967708   0.0
182      0.239479   0.969749  0.971714   0.0
183      0.240792   0.969620  0.973932   0.0
184      0.242105   0.969420  0.972406   0.0
185      0.243418   0.969569  0.971520   0.0
186      0.244731   0.970192  0.972049   0.0
187      0.246044   0.970486  0.973167   0.0
188      0.247357   0.970882  0.974111   0.0
189      0.248671   0.970848  0.973747   0.0
190      0.249984   0.971391  0.972546   0.0
191      0.251297   0.971909  0.972222   0.0
192      0.252610   0.971487  0.973024   0.0
193      0.253923   0.971823  0.972969   0.0
194      0.255236   0.971730  0.973080   0.0
195      0.256549   0.971934  0.971958   0.0
196      0.257862   0.972229  0.972793   0.0
197      0.259175   0.971823  0.973023   0.0
198      0.260488   0.972460  0.971991   0.0
199      0.261802   0.973000  0.973155   0.0
200      0.263115   0.973281  0.972839   0.0
201      0.264428   0.973496  0.974626   0.0
202      0.265741   0.973722  0.972866   0.0
203      0.267054   0.974368  0.974480   0.0
204      0.268367   0.974614  0.973724   0.0
205      0.269680   0.974481  0.974087   0.0
206      0.270993   0.974223  0.974715   0.0
207      0.272306   0.974037  0.974477   0.0
208      0.273619   0.974089  0.973545   0.0
209      0.274933   0.974141  0.973384   0.0
210      0.276246   0.973366  0.974267   0.0
211      0.277559   0.973239  0.973545   0.0
212      0.278872   0.973021  0.973919   0.0
213      0.280185   0.973668  0.974053   0.0
214      0.281498   0.974145  0.973632   0.0
215      0.282811   0.974127  0.972430   0.0
216      0.284124   0.974656  0.973255   0.0
217      0.285437   0.974914  0.972687   0.0
218      0.286750   0.974951  0.972222   0.0
219      0.288064   0.975824  0.973177   0.0
220      0.289377   0.975980  0.975525   0.0
221      0.290690   0.976378  0.974739   0.0
222      0.292003   0.976510  0.975083   0.0
223      0.293316   0.976814  0.976796   0.0
224      0.294629   0.976738  0.976439   0.0
225      0.295942   0.976313  0.977513   0.0
226      0.297255   0.975770  0.977513   0.0
227      0.298568   0.975648  0.977513   0.0
228      0.299881   0.975749  0.978836   0.0
229      0.301194   0.975793  0.978836   0.0
230      0.302508   0.975943  0.978836   0.0
231      0.303821   0.976026  0.978836   0.0
232      0.305134   0.976058  0.981300   0.0
233      0.306447   0.976173  0.978298   0.0
234      0.307760   0.977067  0.977513   0.0
235      0.309073   0.977046  0.977343   0.0
236      0.310386   0.976876  0.976225   0.0
237      0.311699   0.977015  0.976190   0.0
238      0.313012   0.977062  0.975292   0.0
239      0.314325   0.977369  0.973545   0.0
240      0.315639   0.977366  0.974062   0.0
241      0.316952   0.977394  0.974868   0.0
242      0.318265   0.977820  0.974868   0.0
243      0.319578   0.978394  0.975466   0.0
244      0.320891   0.978275  0.976190   0.0
245      0.322204   0.978104  0.976190   0.0
246      0.323517   0.978024  0.977513   0.0
247      0.324830   0.978275  0.977513   0.0
248      0.326143   0.978048  0.978613   0.0
249      0.327456   0.978351  0.977666   0.0
250      0.328770   0.978700  0.977513   0.0
251      0.330083   0.979165  0.977646   0.0
252      0.331396   0.979439  0.979224   0.0
253      0.332709   0.980180  0.980159   0.0
254      0.334022   0.980371  0.979450   0.0
255      0.335335   0.980320  0.979083   0.0
256      0.336648   0.981582  0.979981   0.0
257      0.337961   0.981555  0.979941   0.0
258      0.339274   0.981212  0.979391   0.0
259      0.340587   0.980803  0.979294   0.0
260      0.341901   0.980722  0.980535   0.0
261      0.343214   0.981049  0.980159   0.0
262      0.344527   0.981662  0.980159   0.0
263      0.345840   0.981790  0.981481   0.0
264      0.347153   0.981464  0.981273   0.0
265      0.348466   0.981348  0.980950   0.0
266      0.349779   0.981733  0.979598   0.0
267      0.351092   0.982539  0.980159   0.0
268      0.352405   0.983149  0.978094   0.0
269      0.353718   0.984015  0.977513   0.0
270      0.355031   0.984580  0.976190   0.0
271      0.356345   0.985033  0.977513   0.0
272      0.357658   0.985174  0.977513   0.0
273      0.358971   0.985873  0.977513   0.0
274      0.360284   0.986410  0.977513   0.0
275      0.361597   0.987009  0.977513   0.0
276      0.362910   0.986814  0.977658   0.0
277      0.364223   0.987462  0.978814   0.0
278      0.365536   0.987859  0.978836   0.0
279      0.366849   0.988194  0.978836   0.0
280      0.368162   0.988584  0.978836   0.0
281      0.369476   0.988768  0.978836   0.0
282      0.370789   0.988690  0.978836   0.0
283      0.372102   0.988649  0.979480   0.0
284      0.373415   0.988950  0.980159   0.0
285      0.374728   0.989271  0.980159   0.0
286      0.376041   0.989811  0.980159   0.0
287      0.377354   0.989597  0.978910   0.0
288      0.378667   0.990088  0.978836   0.0
289      0.379980   0.990304  0.978836   0.0
290      0.381293   0.990967  0.978836   0.0
291      0.382607   0.991037  0.979696   0.0
292      0.383920   0.990990  0.976795   0.0
293      0.385233   0.991348  0.976190   0.0
294      0.386546   0.991423  0.976080   0.0
295      0.387859   0.991623  0.974868   0.0
296      0.389172   0.991746  0.976190   0.0
297      0.390485   0.991808  0.976190   0.0
298      0.391798   0.991909  0.977513   0.0
299      0.393111   0.992465  0.978972   0.0
300      0.394424   0.992108  0.978836   0.0
301      0.395738   0.992456  0.978836   0.0
302      0.397051   0.992499  0.978979   0.0
303      0.398364   0.992470  0.979297   0.0
304      0.399677   0.992641  0.980937   0.0
305      0.400990   0.992619  0.981254   0.0
306      0.402303   0.992893  0.980159   0.0
307      0.403616   0.992915  0.980159   0.0
308      0.404929   0.992877  0.980159   0.0
309      0.406242   0.992979  0.980159   0.0
310      0.407555   0.992952  0.980159   0.0
311      0.408868   0.992877  0.980054   0.0
312      0.410182   0.992877  0.979382   0.0
313      0.411495   0.992877  0.978210   0.0
314      0.412808   0.992877  0.977513   0.0
315      0.414121   0.992935  0.977513   0.0
316      0.415434   0.992979  0.977513   0.0
317      0.416747   0.992979  0.977513   0.0
318      0.418060   0.992877  0.977513   0.0
319      0.419373   0.992977  0.977513   0.0
320      0.420686   0.993081  0.977513   0.0
321      0.421999   0.993081  0.977513   0.0
322      0.423313   0.993081  0.977513   0.0
323      0.424626   0.993081  0.977513   0.0
324      0.425939   0.993081  0.977513   0.0
325      0.427252   0.993133  0.977513   0.0
326      0.428565   0.993183  0.977513   0.0
327      0.429878   0.993234  0.977513   0.0
328      0.431191   0.993253  0.977310   0.0
329      0.432504   0.993183  0.976939   0.0
330      0.433817   0.993114  0.976568   0.0
331      0.435130   0.993081  0.976197   0.0
332      0.436444   0.993120  0.976190   0.0
333      0.437757   0.993219  0.976190   0.0
334      0.439070   0.993299  0.976190   0.0
335      0.440383   0.993386  0.976190   0.0
336      0.441696   0.993386  0.976190   0.0
337      0.443009   0.993386  0.976190   0.0
338      0.444322   0.993441  0.976190   0.0
339      0.445635   0.993411  0.976190   0.0
340      0.446948   0.993386  0.976190   0.0
341      0.448261   0.993386  0.976190   0.0
342      0.449574   0.993488  0.976190   0.0
343      0.450888   0.993488  0.976190   0.0
344      0.452201   0.993474  0.976190   0.0
345      0.453514   0.993448  0.976190   0.0
346      0.454827   0.993488  0.976190   0.0
347      0.456140   0.993488  0.976190   0.0
348      0.457453   0.993488  0.976190   0.0
349      0.458766   0.993488  0.976190   0.0
350      0.460079   0.993488  0.976190   0.0
351      0.461392   0.993508  0.976190   0.0
352      0.462705   0.993590  0.976190   0.0
353      0.464019   0.993590  0.976190   0.0
354      0.465332   0.993590  0.976190   0.0
355      0.466645   0.993590  0.976190   0.0
356      0.467958   0.993590  0.976190   0.0
357      0.469271   0.993590  0.976190   0.0
358      0.470584   0.993590  0.976190   0.0
359      0.471897   0.993590  0.976190   0.0
360      0.473210   0.993590  0.976190   0.0
361      0.474523   0.993590  0.976190   0.0
362      0.475836   0.993590  0.976190   0.0
363      0.477150   0.993590  0.976190   0.0
364      0.478463   0.993590  0.976190   0.0
365      0.479776   0.993691  0.976190   0.0
366      0.481089   0.993691  0.976190   0.0
367      0.482402   0.993592  0.976190   0.0
368      0.483715   0.993590  0.976190   0.0
369      0.485028   0.993590  0.976190   0.0
370      0.486341   0.993590  0.976190   0.0
371      0.487654   0.993691  0.976190   0.0
372      0.488967   0.993691  0.976190   0.0
373      0.490281   0.993691  0.976190   0.0
374      0.491594   0.993691  0.976190   0.0
375      0.492907   0.993691  0.976190   0.0
376      0.494220   0.993691  0.976190   0.0
377      0.495533   0.993691  0.976190   0.0
378      0.496846   0.993691  0.976190   0.0
379      0.498159   0.993691  0.976190   0.0
380      0.499472   0.993691  0.976190   0.0
381      0.500785   0.993691  0.976190   0.0
382      0.502098   0.993691  0.976190   0.0
383      0.503411   0.993691  0.976190   0.0
384      0.504725   0.993691  0.976190   0.0
385      0.506038   0.993691  0.976190   0.0
386      0.507351   0.993691  0.976190   0.0
387      0.508664   0.993691  0.976190   0.0
388      0.509977   0.993691  0.976190   0.0
389      0.511290   0.993691  0.976190   0.0
390      0.512603   0.993680  0.976460   0.0
391      0.513916   0.993642  0.976768   0.0
392      0.515229   0.993605  0.977076   0.0
393      0.516542   0.993590  0.977383   0.0
394      0.517856   0.993590  0.977513   0.0
395      0.519169   0.993590  0.977513   0.0
396      0.520482   0.993590  0.977513   0.0
397      0.521795   0.993590  0.977513   0.0
398      0.523108   0.993590  0.977513   0.0
399      0.524421   0.993590  0.977513   0.0
400      0.525734   0.993590  0.977513   0.0
401      0.527047   0.993590  0.977513   0.0
402      0.528360   0.993590  0.977513   0.0
403      0.529673   0.993590  0.977513   0.0
404      0.530987   0.993590  0.977513   0.0
405      0.532300   0.993590  0.977513   0.0
406      0.533613   0.993590  0.977513   0.0
407      0.534926   0.993590  0.977513   0.0
408      0.536239   0.993590  0.977513   0.0
409      0.537552   0.993590  0.977513   0.0
410      0.538865   0.993590  0.977513   0.0
411      0.540178   0.993590  0.977513   0.0
412      0.541491   0.993590  0.977513   0.0
413      0.542804   0.993590  0.977513   0.0
414      0.544118   0.993590  0.977513   0.0
415      0.545431   0.993590  0.977513   0.0
416      0.546744   0.993590  0.977513   0.0
417      0.548057   0.993590  0.977513   0.0
418      0.549370   0.993590  0.977513   0.0
419      0.550683   0.993590  0.977513   0.0
420      0.551996   0.993590  0.977318   0.0
421      0.553309   0.993590  0.977011   0.0
422      0.554622   0.993590  0.976703   0.0
423      0.555935   0.993590  0.976396   0.0
424      0.557248   0.993590  0.976190   0.0
425      0.558562   0.993590  0.976190   0.0
426      0.559875   0.993590  0.976190   0.0
427      0.561188   0.993590  0.976190   0.0
428      0.562501   0.993590  0.976190   0.0
429      0.563814   0.993590  0.976190   0.0
430      0.565127   0.993590  0.976190   0.0
431      0.566440   0.993590  0.976190   0.0
432      0.567753   0.993590  0.976190   0.0
433      0.569066   0.993590  0.976190   0.0
434      0.570379   0.993590  0.976190   0.0
435      0.571693   0.993590  0.976190   0.0
436      0.573006   0.993590  0.976190   0.0
437      0.574319   0.993590  0.976190   0.0
438      0.575632   0.993590  0.976190   0.0
439      0.576945   0.993590  0.976190   0.0
440      0.578258   0.993590  0.976190   0.0
441      0.579571   0.993590  0.976190   0.0
442      0.580884   0.993590  0.976190   0.0
443      0.582197   0.993590  0.976190   0.0
444      0.583510   0.993590  0.976190   0.0
445      0.584824   0.993590  0.976190   0.0
446      0.586137   0.993590  0.976190   0.0
447      0.587450   0.993590  0.976190   0.0
448      0.588763   0.993590  0.976190   0.0
449      0.590076   0.993590  0.976190   0.0
450      0.591389   0.993590  0.976190   0.0
451      0.592702   0.993590  0.976190   0.0
452      0.594015   0.993590  0.976190   0.0
453      0.595328   0.993590  0.976190   0.0
454      0.596641   0.993590  0.976190   0.0
455      0.597955   0.993590  0.976190   0.0
456      0.599268   0.993590  0.976190   0.0
457      0.600581   0.993590  0.976190   0.0
458      0.601894   0.993590  0.976190   0.0
459      0.603207   0.993590  0.976190   0.0
460      0.604520   0.993590  0.976190   0.0
461      0.605833   0.993590  0.976190   0.0
462      0.607146   0.993590  0.976190   0.0
463      0.608459   0.993590  0.976190   0.0
464      0.609772   0.993590  0.976190   0.0
465      0.611085   0.993590  0.976190   0.0
466      0.612399   0.993590  0.976190   0.0
467      0.613712   0.993590  0.976190   0.0
468      0.615025   0.993590  0.976190   0.0
469      0.616338   0.993590  0.976190   0.0
470      0.617651   0.993590  0.976190   0.0
471      0.618964   0.993590  0.976525   0.0
472      0.620277   0.993590  0.976902   0.0
473      0.621590   0.993590  0.977280   0.0
474      0.622903   0.993590  0.977513   0.0
475      0.624216   0.993590  0.977513   0.0
476      0.625530   0.993590  0.977513   0.0
477      0.626843   0.993590  0.977513   0.0
478      0.628156   0.993590  0.977513   0.0
479      0.629469   0.993590  0.977513   0.0
480      0.630782   0.993590  0.977513   0.0
481      0.632095   0.993590  0.977513   0.0
482      0.633408   0.993590  0.977513   0.0
483      0.634721   0.993590  0.977513   0.0
484      0.636034   0.993590  0.977513   0.0
485      0.637347   0.993590  0.977513   0.0
486      0.638661   0.993590  0.977513   0.0
487      0.639974   0.993590  0.977513   0.0
488      0.641287   0.993590  0.977513   0.0
489      0.642600   0.993590  0.977513   0.0
490      0.643913   0.993590  0.977513   0.0
491      0.645226   0.993590  0.977513   0.0
492      0.646539   0.993590  0.977513   0.0
493      0.647852   0.993590  0.977513   0.0
494      0.649165   0.993590  0.977513   0.0
495      0.650478   0.993604  0.977703   0.0
496      0.651792   0.993641  0.978150   0.0
497      0.653105   0.993668  0.978598   0.0
498      0.654418   0.993641  0.978836   0.0
499      0.655731   0.993529  0.978836   0.0
avg_var_sel_2_results
     runtime_frac  cross_acc  true_acc  diff
0        0.000495   0.750238  0.770027   0.0
1        0.001808   0.759562  0.770490   0.0
2        0.003121   0.763999  0.773164   0.0
3        0.004434   0.776827  0.785766   0.0
4        0.005748   0.791151  0.804071   0.0
5        0.007061   0.801432  0.819610   0.0
6        0.008374   0.806120  0.835445   0.0
7        0.009687   0.812558  0.842982   0.0
8        0.011000   0.819157  0.846098   0.0
9        0.012313   0.822990  0.848447   0.0
10       0.013626   0.824660  0.847661   0.0
11       0.014939   0.827486  0.850215   0.0
12       0.016252   0.829996  0.855477   0.0
13       0.017565   0.834317  0.861270   0.0
14       0.018879   0.841443  0.870074   0.0
15       0.020192   0.846772  0.882282   0.0
16       0.021505   0.849890  0.892690   0.0
17       0.022818   0.853471  0.898352   0.0
18       0.024131   0.855179  0.903841   0.0
19       0.025444   0.858629  0.906443   0.0
20       0.026757   0.860927  0.906854   0.0
21       0.028070   0.862789  0.908196   0.0
22       0.029383   0.865263  0.903950   0.0
23       0.030696   0.868087  0.903834   0.0
24       0.032010   0.871364  0.909753   0.0
25       0.033323   0.875053  0.906611   0.0
26       0.034636   0.877158  0.899978   0.0
27       0.035949   0.878930  0.902281   0.0
28       0.037262   0.881121  0.905850   0.0
29       0.038575   0.882437  0.907491   0.0
30       0.039888   0.882290  0.907488   0.0
31       0.041201   0.882049  0.909788   0.0
32       0.042514   0.883160  0.909743   0.0
33       0.043827   0.883396  0.908006   0.0
34       0.045140   0.883391  0.910115   0.0
35       0.046454   0.883238  0.912860   0.0
36       0.047767   0.882306  0.914150   0.0
37       0.049080   0.881840  0.915011   0.0
38       0.050393   0.881757  0.916710   0.0
39       0.051706   0.881371  0.917021   0.0
40       0.053019   0.881701  0.915897   0.0
41       0.054332   0.882048  0.914642   0.0
42       0.055645   0.880544  0.914881   0.0
43       0.056958   0.880714  0.916527   0.0
44       0.058271   0.881108  0.916498   0.0
45       0.059585   0.880983  0.915547   0.0
46       0.060898   0.881565  0.914178   0.0
47       0.062211   0.881680  0.918301   0.0
48       0.063524   0.880432  0.923161   0.0
49       0.064837   0.879506  0.924461   0.0
50       0.066150   0.879867  0.922739   0.0
51       0.067463   0.880035  0.922182   0.0
52       0.068776   0.880759  0.926485   0.0
53       0.070089   0.881244  0.929875   0.0
54       0.071402   0.882530  0.930045   0.0
55       0.072716   0.884792  0.930679   0.0
56       0.074029   0.886733  0.929671   0.0
57       0.075342   0.887987  0.927593   0.0
58       0.076655   0.889468  0.926754   0.0
59       0.077968   0.891279  0.928726   0.0
60       0.079281   0.892224  0.930952   0.0
61       0.080594   0.893483  0.929276   0.0
62       0.081907   0.894408  0.929768   0.0
63       0.083220   0.895802  0.930072   0.0
64       0.084533   0.897147  0.931071   0.0
65       0.085847   0.897975  0.932941   0.0
66       0.087160   0.898590  0.935672   0.0
67       0.088473   0.898359  0.935880   0.0
68       0.089786   0.899184  0.938690   0.0
69       0.091099   0.899784  0.940093   0.0
70       0.092412   0.900187  0.936006   0.0
71       0.093725   0.900690  0.937282   0.0
72       0.095038   0.901425  0.939427   0.0
73       0.096351   0.901474  0.939783   0.0
74       0.097664   0.901690  0.938233   0.0
75       0.098977   0.902598  0.936724   0.0
76       0.100291   0.903582  0.936719   0.0
77       0.101604   0.905690  0.940643   0.0
78       0.102917   0.906472  0.942625   0.0
79       0.104230   0.907228  0.942715   0.0
80       0.105543   0.907671  0.941557   0.0
81       0.106856   0.908148  0.938894   0.0
82       0.108169   0.908299  0.937932   0.0
83       0.109482   0.908798  0.938260   0.0
84       0.110795   0.909786  0.939966   0.0
85       0.112108   0.910528  0.941999   0.0
86       0.113422   0.910740  0.941821   0.0
87       0.114735   0.910879  0.941342   0.0
88       0.116048   0.911426  0.940395   0.0
89       0.117361   0.911235  0.940842   0.0
90       0.118674   0.911394  0.942826   0.0
91       0.119987   0.911806  0.943974   0.0
92       0.121300   0.911974  0.941665   0.0
93       0.122613   0.913680  0.940841   0.0
94       0.123926   0.915348  0.940920   0.0
95       0.125239   0.916024  0.940864   0.0
96       0.126553   0.916127  0.940781   0.0
97       0.127866   0.916217  0.942117   0.0
98       0.129179   0.917862  0.942287   0.0
99       0.130492   0.919966  0.942646   0.0
100      0.131805   0.921640  0.942619   0.0
101      0.133118   0.921904  0.941376   0.0
102      0.134431   0.921779  0.940656   0.0
103      0.135744   0.920992  0.940157   0.0
104      0.137057   0.920071  0.937759   0.0
105      0.138370   0.919912  0.936412   0.0
106      0.139684   0.919792  0.935254   0.0
107      0.140997   0.920884  0.935084   0.0
108      0.142310   0.922110  0.938787   0.0
109      0.143623   0.922575  0.943459   0.0
110      0.144936   0.922912  0.942796   0.0
111      0.146249   0.924041  0.943305   0.0
112      0.147562   0.926095  0.943537   0.0
113      0.148875   0.928464  0.944160   0.0
114      0.150188   0.928402  0.944855   0.0
115      0.151501   0.927620  0.944107   0.0
116      0.152814   0.927854  0.943176   0.0
117      0.154128   0.929287  0.942858   0.0
118      0.155441   0.929824  0.943122   0.0
119      0.156754   0.931687  0.943168   0.0
120      0.158067   0.933474  0.944206   0.0
121      0.159380   0.934142  0.944497   0.0
122      0.160693   0.934663  0.945466   0.0
123      0.162006   0.934276  0.945291   0.0
124      0.163319   0.935232  0.946010   0.0
125      0.164632   0.936677  0.945112   0.0
126      0.165945   0.937804  0.944343   0.0
127      0.167259   0.939097  0.942915   0.0
128      0.168572   0.940727  0.941955   0.0
129      0.169885   0.941721  0.941395   0.0
130      0.171198   0.942178  0.941996   0.0
131      0.172511   0.942754  0.943003   0.0
132      0.173824   0.943167  0.945595   0.0
133      0.175137   0.944334  0.943571   0.0
134      0.176450   0.944924  0.943539   0.0
135      0.177763   0.946079  0.944194   0.0
136      0.179076   0.947379  0.942888   0.0
137      0.180390   0.947893  0.944208   0.0
138      0.181703   0.948966  0.943104   0.0
139      0.183016   0.949820  0.945384   0.0
140      0.184329   0.951568  0.944171   0.0
141      0.185642   0.952936  0.945633   0.0
142      0.186955   0.953190  0.947645   0.0
143      0.188268   0.952751  0.947252   0.0
144      0.189581   0.953397  0.949427   0.0
145      0.190894   0.953533  0.947682   0.0
146      0.192207   0.954476  0.949705   0.0
147      0.193520   0.955613  0.952346   0.0
148      0.194834   0.956182  0.955234   0.0
149      0.196147   0.956896  0.956414   0.0
150      0.197460   0.956827  0.956068   0.0
151      0.198773   0.956822  0.956265   0.0
152      0.200086   0.957634  0.955717   0.0
153      0.201399   0.958399  0.956878   0.0
154      0.202712   0.959433  0.957672   0.0
155      0.204025   0.960195  0.957672   0.0
156      0.205338   0.960344  0.957268   0.0
157      0.206651   0.960162  0.955980   0.0
158      0.207965   0.960616  0.956915   0.0
159      0.209278   0.961818  0.959297   0.0
160      0.210591   0.962125  0.962603   0.0
161      0.211904   0.962233  0.964120   0.0
162      0.213217   0.962240  0.964293   0.0
163      0.214530   0.962345  0.965492   0.0
164      0.215843   0.962699  0.963957   0.0
165      0.217156   0.962545  0.963241   0.0
166      0.218469   0.963531  0.962666   0.0
167      0.219782   0.963770  0.962514   0.0
168      0.221096   0.963671  0.962273   0.0
169      0.222409   0.964083  0.962515   0.0
170      0.223722   0.965029  0.964704   0.0
171      0.225035   0.965612  0.963553   0.0
172      0.226348   0.966266  0.964290   0.0
173      0.227661   0.966047  0.964109   0.0
174      0.228974   0.965913  0.962655   0.0
175      0.230287   0.965899  0.962064   0.0
176      0.231600   0.966022  0.962549   0.0
177      0.232913   0.966996  0.966448   0.0
178      0.234227   0.967748  0.968786   0.0
179      0.235540   0.967199  0.969499   0.0
180      0.236853   0.967117  0.969330   0.0
181      0.238166   0.968110  0.966504   0.0
182      0.239479   0.968209  0.970645   0.0
183      0.240792   0.968589  0.971967   0.0
184      0.242105   0.969104  0.970179   0.0
185      0.243418   0.969609  0.970739   0.0
186      0.244731   0.970025  0.971170   0.0
187      0.246044   0.970393  0.971940   0.0
188      0.247357   0.970698  0.971438   0.0
189      0.248671   0.971183  0.970019   0.0
190      0.249984   0.971724  0.971494   0.0
191      0.251297   0.971728  0.972611   0.0
192      0.252610   0.971191  0.971325   0.0
193      0.253923   0.970924  0.972951   0.0
194      0.255236   0.971162  0.970930   0.0
195      0.256549   0.971273  0.971516   0.0
196      0.257862   0.971242  0.972325   0.0
197      0.259175   0.970898  0.974026   0.0
198      0.260488   0.972044  0.974868   0.0
199      0.261802   0.972693  0.974868   0.0
200      0.263115   0.973094  0.974868   0.0
201      0.264428   0.973262  0.976159   0.0
202      0.265741   0.973893  0.975476   0.0
203      0.267054   0.974697  0.974088   0.0
204      0.268367   0.975346  0.974577   0.0
205      0.269680   0.975827  0.974868   0.0
206      0.270993   0.975708  0.974868   0.0
207      0.272306   0.976061  0.974868   0.0
208      0.273619   0.976035  0.974500   0.0
209      0.274933   0.976823  0.972886   0.0
210      0.276246   0.977174  0.972222   0.0
211      0.277559   0.977559  0.973530   0.0
212      0.278872   0.977930  0.972267   0.0
213      0.280185   0.978309  0.973389   0.0
214      0.281498   0.978600  0.972485   0.0
215      0.282811   0.979156  0.973804   0.0
216      0.284124   0.979551  0.973909   0.0
217      0.285437   0.980650  0.973868   0.0
218      0.286750   0.980502  0.974632   0.0
219      0.288064   0.980685  0.972463   0.0
220      0.289377   0.980782  0.972645   0.0
221      0.290690   0.981165  0.973545   0.0
222      0.292003   0.981692  0.972944   0.0
223      0.293316   0.982500  0.971599   0.0
224      0.294629   0.982872  0.972957   0.0
225      0.295942   0.983019  0.974037   0.0
226      0.297255   0.983113  0.973741   0.0
227      0.298568   0.983232  0.973539   0.0
228      0.299881   0.984101  0.972222   0.0
229      0.301194   0.984566  0.972646   0.0
230      0.302508   0.984634  0.973545   0.0
231      0.303821   0.985081  0.973545   0.0
232      0.305134   0.985271  0.972854   0.0
233      0.306447   0.985513  0.972222   0.0
234      0.307760   0.985756  0.972695   0.0
235      0.309073   0.986398  0.974961   0.0
236      0.310386   0.986474  0.975944   0.0
237      0.311699   0.986386  0.974868   0.0
238      0.313012   0.987008  0.974868   0.0
239      0.314325   0.987201  0.974868   0.0
240      0.315639   0.987428  0.974868   0.0
241      0.316952   0.987804  0.974106   0.0
242      0.318265   0.987851  0.973526   0.0
243      0.319578   0.987944  0.972254   0.0
244      0.320891   0.988299  0.976707   0.0
245      0.322204   0.988466  0.977513   0.0
246      0.323517   0.988853  0.977513   0.0
247      0.324830   0.989440  0.977942   0.0
248      0.326143   0.989341  0.978279   0.0
249      0.327456   0.989404  0.978836   0.0
250      0.328770   0.990096  0.977513   0.0
251      0.330083   0.990598  0.976568   0.0
252      0.331396   0.991078  0.977513   0.0
253      0.332709   0.991447  0.978212   0.0
254      0.334022   0.991850  0.978836   0.0
255      0.335335   0.991929  0.980159   0.0
256      0.336648   0.991921  0.979397   0.0
257      0.337961   0.992011  0.978836   0.0
258      0.339274   0.992190  0.978836   0.0
259      0.340587   0.991854  0.978836   0.0
260      0.341901   0.991598  0.978836   0.0
261      0.343214   0.992280  0.978836   0.0
262      0.344527   0.992369  0.978836   0.0
263      0.345840   0.992200  0.980741   0.0
264      0.347153   0.992743  0.980116   0.0
265      0.348466   0.992745  0.978463   0.0
266      0.349779   0.992846  0.977767   0.0
267      0.351092   0.993056  0.977513   0.0
268      0.352405   0.993106  0.978836   0.0
269      0.353718   0.993226  0.978836   0.0
270      0.355031   0.993501  0.977888   0.0
271      0.356345   0.993820  0.977755   0.0
272      0.357658   0.993385  0.977615   0.0
273      0.358971   0.993372  0.976190   0.0
274      0.360284   0.993553  0.976190   0.0
275      0.361597   0.993602  0.976683   0.0
276      0.362910   0.993878  0.977513   0.0
277      0.364223   0.994032  0.977513   0.0
278      0.365536   0.994339  0.977513   0.0
279      0.366849   0.994208  0.977513   0.0
280      0.368162   0.994119  0.977513   0.0
281      0.369476   0.994052  0.976190   0.0
282      0.370789   0.994175  0.976190   0.0
283      0.372102   0.994395  0.976190   0.0
284      0.373415   0.994424  0.976190   0.0
285      0.374728   0.994328  0.976190   0.0
286      0.376041   0.994397  0.976190   0.0
287      0.377354   0.994554  0.976190   0.0
288      0.378667   0.994630  0.976190   0.0
289      0.379980   0.994675  0.976190   0.0
290      0.381293   0.994302  0.976190   0.0
291      0.382607   0.994478  0.976190   0.0
292      0.383920   0.994384  0.976190   0.0
293      0.385233   0.994302  0.975020   0.0
294      0.386546   0.994200  0.974868   0.0
295      0.387859   0.994252  0.974868   0.0
296      0.389172   0.994310  0.974058   0.0
297      0.390485   0.994505  0.976190   0.0
298      0.391798   0.994505  0.976190   0.0
299      0.393111   0.994404  0.977096   0.0
300      0.394424   0.994404  0.977513   0.0
301      0.395738   0.994505  0.977513   0.0
302      0.397051   0.994631  0.978836   0.0
303      0.398364   0.994709  0.978836   0.0
304      0.399677   0.994749  0.978836   0.0
305      0.400990   0.994607  0.978836   0.0
306      0.402303   0.994663  0.978836   0.0
307      0.403616   0.994709  0.978836   0.0
308      0.404929   0.994709  0.977513   0.0
309      0.406242   0.994709  0.977513   0.0
310      0.407555   0.994709  0.977513   0.0
311      0.408868   0.994709  0.977513   0.0
312      0.410182   0.994709  0.976895   0.0
313      0.411495   0.994709  0.975216   0.0
314      0.412808   0.994728  0.974868   0.0
315      0.414121   0.994776  0.974868   0.0
316      0.415434   0.994779  0.974868   0.0
317      0.416747   0.994709  0.974868   0.0
318      0.418060   0.994811  0.974868   0.0
319      0.419373   0.994811  0.974868   0.0
320      0.420686   0.994811  0.974868   0.0
321      0.421999   0.994811  0.974868   0.0
322      0.423313   0.994811  0.974868   0.0
323      0.424626   0.994811  0.974868   0.0
324      0.425939   0.994811  0.974868   0.0
325      0.427252   0.994831  0.974868   0.0
326      0.428565   0.994906  0.974868   0.0
327      0.429878   0.994912  0.974868   0.0
328      0.431191   0.994912  0.974868   0.0
329      0.432504   0.994912  0.974868   0.0
330      0.433817   0.994912  0.974868   0.0
331      0.435130   0.994912  0.974868   0.0
332      0.436444   0.994912  0.974868   0.0
333      0.437757   0.994864  0.974868   0.0
334      0.439070   0.994876  0.974868   0.0
335      0.440383   0.994912  0.974868   0.0
336      0.441696   0.994912  0.974868   0.0
337      0.443009   0.994912  0.974868   0.0
338      0.444322   0.994912  0.974868   0.0
339      0.445635   0.994912  0.974868   0.0
340      0.446948   0.994912  0.974868   0.0
341      0.448261   0.994842  0.974868   0.0
342      0.449574   0.994912  0.974868   0.0
343      0.450888   0.994912  0.974868   0.0
344      0.452201   0.994912  0.974868   0.0
345      0.453514   0.994912  0.974868   0.0
346      0.454827   0.994912  0.974868   0.0
347      0.456140   0.994912  0.974868   0.0
348      0.457453   0.994912  0.974868   0.0
349      0.458766   0.994912  0.974868   0.0
350      0.460079   0.994912  0.974868   0.0
351      0.461392   0.994912  0.974868   0.0
352      0.462705   0.994912  0.974868   0.0
353      0.464019   0.994912  0.974868   0.0
354      0.465332   0.994912  0.974868   0.0
355      0.466645   0.994912  0.974868   0.0
356      0.467958   0.994912  0.974868   0.0
357      0.469271   0.994912  0.974868   0.0
358      0.470584   0.994912  0.974779   0.0
359      0.471897   0.994912  0.974418   0.0
360      0.473210   0.994912  0.974057   0.0
361      0.474523   0.994912  0.973697   0.0
362      0.475836   0.994912  0.973545   0.0
363      0.477150   0.994912  0.973545   0.0
364      0.478463   0.994912  0.973545   0.0
365      0.479776   0.994912  0.973545   0.0
366      0.481089   0.994912  0.973545   0.0
367      0.482402   0.994912  0.973545   0.0
368      0.483715   0.994912  0.973545   0.0
369      0.485028   0.994912  0.973545   0.0
370      0.486341   0.994912  0.973545   0.0
371      0.487654   0.994912  0.973545   0.0
372      0.488967   0.994912  0.973545   0.0
373      0.490281   0.994912  0.973545   0.0
374      0.491594   0.994912  0.973545   0.0
375      0.492907   0.994912  0.973545   0.0
376      0.494220   0.994912  0.973545   0.0
377      0.495533   0.994912  0.973545   0.0
378      0.496846   0.994912  0.973545   0.0
379      0.498159   0.994912  0.973545   0.0
380      0.499472   0.994912  0.973545   0.0
381      0.500785   0.994912  0.973545   0.0
382      0.502098   0.994912  0.973545   0.0
383      0.503411   0.994912  0.973545   0.0
384      0.504725   0.994912  0.973545   0.0
385      0.506038   0.994912  0.973545   0.0
386      0.507351   0.994912  0.973545   0.0
387      0.508664   0.994912  0.973545   0.0
388      0.509977   0.994912  0.973545   0.0
389      0.511290   0.994912  0.973545   0.0
390      0.512603   0.994912  0.973545   0.0
391      0.513916   0.994912  0.973545   0.0
392      0.515229   0.994912  0.973816   0.0
393      0.516542   0.994912  0.974124   0.0
394      0.517856   0.994912  0.974432   0.0
395      0.519169   0.994912  0.974739   0.0
396      0.520482   0.994912  0.974868   0.0
397      0.521795   0.994912  0.974868   0.0
398      0.523108   0.994912  0.974868   0.0
399      0.524421   0.994912  0.974868   0.0
400      0.525734   0.994912  0.974868   0.0
401      0.527047   0.994912  0.974868   0.0
402      0.528360   0.994912  0.974868   0.0
403      0.529673   0.994912  0.974868   0.0
404      0.530987   0.994912  0.974868   0.0
405      0.532300   0.994912  0.974868   0.0
406      0.533613   0.994912  0.974868   0.0
407      0.534926   0.994912  0.974868   0.0
408      0.536239   0.994912  0.974868   0.0
409      0.537552   0.994912  0.974868   0.0
410      0.538865   0.994912  0.974868   0.0
411      0.540178   0.994912  0.974868   0.0
412      0.541491   0.994912  0.974868   0.0
413      0.542804   0.994912  0.974868   0.0
414      0.544118   0.994912  0.974868   0.0
415      0.545431   0.994912  0.974868   0.0
416      0.546744   0.994912  0.974868   0.0
417      0.548057   0.994912  0.974868   0.0
418      0.549370   0.994912  0.974692   0.0
419      0.550683   0.994912  0.974385   0.0
420      0.551996   0.994912  0.974077   0.0
421      0.553309   0.994912  0.973770   0.0
422      0.554622   0.994912  0.973545   0.0
423      0.555935   0.994912  0.973545   0.0
424      0.557248   0.994912  0.973545   0.0
425      0.558562   0.994912  0.973545   0.0
426      0.559875   0.994912  0.973545   0.0
427      0.561188   0.994912  0.973545   0.0
428      0.562501   0.994912  0.973545   0.0
429      0.563814   0.994912  0.973545   0.0
430      0.565127   0.994912  0.973545   0.0
431      0.566440   0.994912  0.973545   0.0
432      0.567753   0.994912  0.973545   0.0
433      0.569066   0.994912  0.973545   0.0
434      0.570379   0.994912  0.973545   0.0
435      0.571693   0.994912  0.973545   0.0
436      0.573006   0.994912  0.973545   0.0
437      0.574319   0.994912  0.973545   0.0
438      0.575632   0.994912  0.973545   0.0
439      0.576945   0.994912  0.973545   0.0
440      0.578258   0.994912  0.973545   0.0
441      0.579571   0.994912  0.973545   0.0
442      0.580884   0.994912  0.973545   0.0
443      0.582197   0.994912  0.973545   0.0
444      0.583510   0.994912  0.973545   0.0
445      0.584824   0.994912  0.973545   0.0
446      0.586137   0.994912  0.973545   0.0
447      0.587450   0.994912  0.973545   0.0
448      0.588763   0.994912  0.973545   0.0
449      0.590076   0.994912  0.973545   0.0
450      0.591389   0.994912  0.973545   0.0
451      0.592702   0.994912  0.973545   0.0
452      0.594015   0.994912  0.973545   0.0
453      0.595328   0.994912  0.973545   0.0
454      0.596641   0.994912  0.973545   0.0
455      0.597955   0.994912  0.973545   0.0
456      0.599268   0.994912  0.973545   0.0
457      0.600581   0.994912  0.973545   0.0
458      0.601894   0.994912  0.973545   0.0
459      0.603207   0.994912  0.973545   0.0
460      0.604520   0.994912  0.973545   0.0
461      0.605833   0.994912  0.973545   0.0
462      0.607146   0.994912  0.973545   0.0
463      0.608459   0.994912  0.973545   0.0
464      0.609772   0.994912  0.973545   0.0
465      0.611085   0.994912  0.973545   0.0
466      0.612399   0.994912  0.973545   0.0
467      0.613712   0.994912  0.973545   0.0
468      0.615025   0.994912  0.973698   0.0
469      0.616338   0.994912  0.974001   0.0
470      0.617651   0.994912  0.974305   0.0
471      0.618964   0.994912  0.974608   0.0
472      0.620277   0.994912  0.975176   0.0
473      0.621590   0.994912  0.975491   0.0
474      0.622903   0.994912  0.975805   0.0
475      0.624216   0.994912  0.976120   0.0
476      0.625530   0.994912  0.976190   0.0
477      0.626843   0.994912  0.976190   0.0
478      0.628156   0.994912  0.976190   0.0
479      0.629469   0.994912  0.976190   0.0
480      0.630782   0.994912  0.976190   0.0
481      0.632095   0.994912  0.976190   0.0
482      0.633408   0.994912  0.976190   0.0
483      0.634721   0.994912  0.976190   0.0
484      0.636034   0.994912  0.976190   0.0
485      0.637347   0.994912  0.976190   0.0
486      0.638661   0.994912  0.976190   0.0
487      0.639974   0.994912  0.976190   0.0
488      0.641287   0.994912  0.976190   0.0
489      0.642600   0.994912  0.976190   0.0
490      0.643913   0.994912  0.976190   0.0
491      0.645226   0.994912  0.976190   0.0
492      0.646539   0.994912  0.976190   0.0
493      0.647852   0.994912  0.976190   0.0
494      0.649165   0.994912  0.976190   0.0
495      0.650478   0.994882  0.976190   0.0
496      0.651792   0.994815  0.976190   0.0
497      0.653105   0.994720  0.976190   0.0
498      0.654418   0.994450  0.976431   0.0
499      0.655731   0.994148  0.976783   0.0