avg_timeout_results
     runtime_frac  cross_acc  true_acc         diff
0        0.004307   0.910160  0.811657  2865.005813
1        0.005613   0.914216  0.821046  2624.813389
2        0.006919   0.918412  0.837004  2454.781754
3        0.008225   0.923520  0.833265  2352.190208
4        0.009531   0.925524  0.842406  2284.114382
5        0.010838   0.927017  0.854644  2175.114890
6        0.012144   0.934532  0.862867  2012.540294
7        0.013450   0.943269  0.861898  1765.243559
8        0.014756   0.951671  0.872463  1435.787567
9        0.016062   0.960755  0.873062  1175.982234
10       0.017368   0.969200  0.880828   937.055533
11       0.018674   0.979521  0.888697   700.817397
12       0.019981   0.984254  0.893182   538.829663
13       0.021287   0.987866  0.900490   377.778026
14       0.022593   0.990989  0.907790   267.211848
15       0.023899   0.992408  0.906555   162.649095
16       0.025205   0.994539  0.910581   112.109544
17       0.026511   0.994779  0.912682    78.875352
18       0.027818   0.995929  0.910797    61.515465
19       0.029124   0.995647  0.909098    62.148827
20       0.030430   0.995531  0.902557    64.824029
21       0.031736   0.995927  0.903490    63.532048
22       0.033042   0.995865  0.905450    62.034928
23       0.034348   0.996515  0.902732    61.125086
24       0.035654   0.995604  0.903209    61.191140
25       0.036961   0.996398  0.904484    56.336064
26       0.038267   0.995876  0.900672    58.031577
27       0.039573   0.996819  0.903165    56.545276
28       0.040879   0.997141  0.901546    54.253801
29       0.042185   0.996570  0.905016    51.958565
30       0.043491   0.996585  0.907112    51.737561
31       0.044798   0.997616  0.905576    50.092483
32       0.046104   0.997004  0.902516    51.106213
33       0.047410   0.997197  0.904438    48.828674
34       0.048716   0.997048  0.906057    49.102041
35       0.050022   0.997588  0.905739    49.146033
36       0.051328   0.997677  0.904603    47.167711
37       0.052634   0.997934  0.909260    45.815148
38       0.053941   0.998090  0.909181    44.332458
39       0.055247   0.998212  0.912591    42.418133
40       0.056553   0.998131  0.908848    40.167912
41       0.057859   0.997981  0.912693    40.194654
42       0.059165   0.998047  0.913436    39.118229
43       0.060471   0.997647  0.912525    37.993067
44       0.061778   0.997681  0.911780    36.510442
45       0.063084   0.998259  0.916478    34.861220
46       0.064390   0.998215  0.914341    33.080433
47       0.065696   0.998016  0.910931    32.596542
48       0.067002   0.998186  0.911390    31.533752
49       0.068308   0.998300  0.911019    30.736962
50       0.069615   0.997991  0.908532    29.411981
51       0.070921   0.997699  0.912570    30.242155
52       0.072227   0.997893  0.914021    29.232201
53       0.073533   0.997697  0.913321    27.351724
54       0.074839   0.998543  0.910693    26.174608
55       0.076145   0.998541  0.910043    24.980312
56       0.077451   0.998383  0.906555    25.109095
57       0.078758   0.998476  0.906891    24.544151
58       0.080064   0.998401  0.907759    22.729472
59       0.081370   0.998772  0.906578    21.257536
60       0.082676   0.999126  0.908552    20.726613
61       0.083982   0.998538  0.907452    18.700456
62       0.085288   0.998695  0.909159    18.068077
63       0.086595   0.998530  0.910200    18.954133
64       0.087901   0.998272  0.908842    19.237884
65       0.089207   0.998470  0.909718    18.844809
66       0.090513   0.998520  0.910797    18.729642
67       0.091819   0.998578  0.909685    17.918006
68       0.093125   0.998725  0.907672    18.250120
69       0.094431   0.998646  0.908137    17.870757
70       0.095738   0.998500  0.908718    18.273858
71       0.097044   0.998519  0.908609    17.955299
72       0.098350   0.998546  0.909601    17.495412
73       0.099656   0.998216  0.909717    18.082492
74       0.100962   0.998503  0.911278    17.661055
75       0.102268   0.998690  0.912338    17.335992
76       0.103575   0.998619  0.911780    17.167432
77       0.104881   0.998246  0.912376    16.737351
78       0.106187   0.998013  0.913857    16.347969
79       0.107493   0.997869  0.913932    16.337532
80       0.108799   0.997794  0.913976    16.712342
81       0.110105   0.998113  0.913333    16.343637
82       0.111411   0.998535  0.914285    16.078220
83       0.112718   0.998486  0.915759    16.116245
84       0.114024   0.998524  0.917523    16.333012
85       0.115330   0.998705  0.917279    16.513196
86       0.116636   0.998881  0.917254    16.701393
87       0.117942   0.998956  0.918377    16.897514
88       0.119248   0.998750  0.919217    17.163669
89       0.120555   0.998665  0.919344    17.361183
90       0.121861   0.998820  0.920497    16.479069
91       0.123167   0.998882  0.920551    15.385737
92       0.124473   0.998734  0.918802    14.874711
93       0.125779   0.998787  0.915483    15.038415
94       0.127085   0.998885  0.912915    15.736269
95       0.128391   0.998729  0.911088    16.511739
96       0.129698   0.998796  0.909849    16.693266
97       0.131004   0.998813  0.911346    16.255343
98       0.132310   0.998747  0.913565    16.221757
99       0.133616   0.998373  0.917067    16.403920
100      0.134922   0.998029  0.920150    16.367941
101      0.136228   0.998086  0.922037    16.193583
102      0.137535   0.998451  0.921311    15.902741
103      0.138841   0.998538  0.919541    16.062587
104      0.140147   0.998187  0.920951    16.631767
105      0.141453   0.998079  0.922648    16.853485
106      0.142759   0.998445  0.923114    16.646079
107      0.144065   0.998454  0.922567    16.598594
108      0.145372   0.998253  0.922112    16.765265
109      0.146678   0.998184  0.921675    16.710232
110      0.147984   0.998390  0.921615    16.409270
111      0.149290   0.998437  0.923467    16.458135
112      0.150596   0.998458  0.925141    16.691675
113      0.151902   0.998405  0.925616    16.869480
114      0.153208   0.998138  0.925120    16.950422
115      0.154515   0.997999  0.924846    17.239074
116      0.155821   0.998154  0.925557    17.660257
117      0.157127   0.998626  0.926269    17.540351
118      0.158433   0.998873  0.926300    17.227947
119      0.159739   0.998647  0.926495    16.640097
120      0.161045   0.998471  0.926932    16.130064
121      0.162352   0.998464  0.927019    15.430897
122      0.163658   0.998634  0.926936    15.345701
123      0.164964   0.998635  0.926854    15.722934
124      0.166270   0.998631  0.925459    16.031219
125      0.167576   0.998547  0.923719    16.059594
126      0.168882   0.998447  0.923121    16.088355
127      0.170188   0.998320  0.924512    16.330335
128      0.171495   0.998306  0.925105    16.388517
129      0.172801   0.998128  0.924473    16.110593
130      0.174107   0.998078  0.923565    15.745425
131      0.175413   0.998430  0.924822    15.513585
132      0.176719   0.998820  0.926170    15.185739
133      0.178025   0.998858  0.926970    14.982790
134      0.179332   0.998537  0.927826    14.888842
135      0.180638   0.998366  0.928259    15.204426
136      0.181944   0.998331  0.927848    15.367010
137      0.183250   0.998372  0.926663    15.121305
138      0.184556   0.998310  0.925567    14.707519
139      0.185862   0.998384  0.924825    14.140125
140      0.187168   0.998463  0.925847    13.599297
141      0.188475   0.998508  0.927227    13.431078
142      0.189781   0.998384  0.929586    13.613071
143      0.191087   0.998376  0.930963    13.826312
144      0.192393   0.998391  0.931120    14.037639
145      0.193699   0.998416  0.929191    14.348389
146      0.195005   0.998301  0.927675    14.828324
147      0.196312   0.998199  0.927078    15.054550
148      0.197618   0.998268  0.927686    14.691368
149      0.198924   0.998451  0.930489    14.289312
150      0.200230   0.998534  0.933511    13.843206
151      0.201536   0.998443  0.933688    13.624347
152      0.202842   0.998520  0.933231    13.530703
153      0.204148   0.998726  0.933180    13.546117
154      0.205455   0.998851  0.932896    13.537445
155      0.206761   0.998788  0.932225    13.675188
156      0.208067   0.998605  0.931296    13.772222
157      0.209373   0.998416  0.932567    13.682483
158      0.210679   0.998420  0.934255    13.282645
159      0.211985   0.998537  0.934603    12.915460
160      0.213292   0.998687  0.933682    12.528563
161      0.214598   0.998662  0.932397    12.468188
162      0.215904   0.998523  0.932016    12.643252
163      0.217210   0.998478  0.932743    13.058285
164      0.218516   0.998483  0.933653    13.297081
165      0.219822   0.998451  0.933524    13.295633
166      0.221128   0.998462  0.933256    12.962839
167      0.222435   0.998419  0.933595    12.617867
168      0.223741   0.998482  0.935231    12.331685
169      0.225047   0.998540  0.937013    12.208088
170      0.226353   0.998654  0.938611    12.373742
171      0.227659   0.998792  0.939499    12.546344
172      0.228965   0.998884  0.940559    12.805875
173      0.230272   0.998806  0.941761    13.106280
174      0.231578   0.998716  0.941975    13.262293
175      0.232884   0.998698  0.940540    13.121122
176      0.234190   0.998705  0.938527    12.953138
177      0.235496   0.998512  0.936241    12.953021
178      0.236802   0.998188  0.935630    13.004165
179      0.238109   0.998038  0.936094    12.979672
180      0.239415   0.998140  0.936546    12.890540
181      0.240721   0.998173  0.936563    12.870133
182      0.242027   0.998181  0.936580    12.827151
183      0.243333   0.998354  0.938116    12.715156
184      0.244639   0.998584  0.940329    12.589231
185      0.245945   0.998760  0.942184    12.474872
186      0.247252   0.998952  0.941867    12.394818
187      0.248558   0.998901  0.941249    12.414647
188      0.249864   0.998785  0.940582    12.603331
189      0.251170   0.998513  0.941194    12.749817
190      0.252476   0.998561  0.940987    12.610073
191      0.253782   0.998638  0.939970    12.405456
192      0.255089   0.998633  0.939112    12.288121
193      0.256395   0.998344  0.938803    12.390810
194      0.257701   0.997982  0.938861    12.555786
195      0.259007   0.997652  0.939060    12.635927
196      0.260313   0.997683  0.938396    12.392507
197      0.261619   0.997820  0.937814    12.076537
198      0.262925   0.998095  0.937449    11.821037
199      0.264232   0.998242  0.937662    12.116388
200      0.265538   0.998341  0.937405    12.354308
201      0.266844   0.998475  0.936883    12.253677
202      0.268150   0.998528  0.935515    11.923069
203      0.269456   0.998483  0.934546    11.639088
204      0.270762   0.998462  0.933238    11.583530
205      0.272069   0.998532  0.931513    11.871926
206      0.273375   0.998689  0.929885    12.196125
207      0.274681   0.998686  0.928896    12.564159
208      0.275987   0.998647  0.930031    12.605911
209      0.277293   0.998494  0.931637    12.343798
210      0.278599   0.998504  0.933029    11.875900
211      0.279905   0.998583  0.932208    11.608101
212      0.281212   0.998662  0.930553    11.531553
213      0.282518   0.998606  0.929807    11.625947
214      0.283824   0.998508  0.929565    11.725487
215      0.285130   0.998532  0.930435    11.698255
216      0.286436   0.998638  0.930738    11.608733
217      0.287742   0.998716  0.930612    11.633538
218      0.289049   0.998648  0.930713    11.639764
219      0.290355   0.998601  0.930791    11.535336
220      0.291661   0.998560  0.931482    11.321066
221      0.292967   0.998562  0.933317    11.220758
222      0.294273   0.998596  0.935710    11.207085
223      0.295579   0.998604  0.938465    11.203457
224      0.296885   0.998545  0.938770    11.050673
225      0.298192   0.998511  0.937887    10.884937
226      0.299498   0.998397  0.936599    10.852668
227      0.300804   0.998294  0.935755    10.967460
228      0.302110   0.998218  0.935817    11.030741
229      0.303416   0.998302  0.935926    10.993797
230      0.304722   0.998258  0.936555    11.059299
231      0.306029   0.998178  0.937273    11.196999
232      0.307335   0.998155  0.937345    11.272995
233      0.308641   0.998280  0.936509    11.237979
234      0.309947   0.998531  0.935313    11.206344
235      0.311253   0.998755  0.934371    11.041188
236      0.312559   0.998922  0.935376    10.990980
237      0.313866   0.998770  0.937052    11.089409
238      0.315172   0.998484  0.938454    11.415529
239      0.316478   0.998306  0.939035    11.727312
240      0.317784   0.998429  0.938965    11.831858
241      0.319090   0.998570  0.939143    11.795472
242      0.320396   0.998654  0.939321    11.552076
243      0.321702   0.998546  0.939113    11.184939
244      0.323009   0.998421  0.938951    10.986491
245      0.324315   0.998287  0.939018    10.746091
246      0.325621   0.998324  0.939593    10.702088
247      0.326927   0.998547  0.939943    10.800219
248      0.328233   0.998855  0.940044    10.993464
249      0.329539   0.999084  0.939587    11.125429
250      0.330846   0.999034  0.938855    10.999836
251      0.332152   0.998790  0.938123    10.874331
252      0.333458   0.998483  0.938348    10.886620
253      0.334764   0.998284  0.939276    11.086357
254      0.336070   0.998136  0.939167    11.517056
255      0.337376   0.998077  0.938499    11.956117
256      0.338682   0.998063  0.936090    12.347711
257      0.339989   0.998076  0.933855    12.436972
258      0.341295   0.998256  0.932445    12.202293
259      0.342601   0.998423  0.931576    11.810389
260      0.343907   0.998610  0.931762    11.430188
261      0.345213   0.998788  0.932328    11.224696
262      0.346519   0.999004  0.933583    11.125522
263      0.347826   0.999172  0.934829    11.048050
264      0.349132   0.999213  0.935825    11.040925
265      0.350438   0.999180  0.936215    11.066223
266      0.351744   0.999008  0.936486    11.050052
267      0.353050   0.998931  0.936679    10.858946
268      0.354356   0.998893  0.937275    10.512429
269      0.355662   0.998878  0.937808    10.199452
270      0.356969   0.998701  0.937461    10.166227
271      0.358275   0.998614  0.937115    10.298474
272      0.359581   0.998586  0.936769    10.480963
273      0.360887   0.998601  0.936508    10.622866
274      0.362193   0.998604  0.936508    10.800297
275      0.363499   0.998623  0.937221    10.967800
276      0.364806   0.998594  0.938659    11.165059
277      0.366112   0.998676  0.940157    11.316185
278      0.367418   0.998756  0.941777    11.449771
279      0.368724   0.998786  0.941251    11.492757
280      0.370030   0.998848  0.940361    11.426853
281      0.371336   0.998734  0.939619    11.296768
282      0.372642   0.998615  0.939056    11.280325
283      0.373949   0.998591  0.938715    11.296019
284      0.375255   0.998683  0.938374    11.351408
285      0.376561   0.998793  0.938033    11.381458
286      0.377867   0.998973  0.938099    11.164461
287      0.379173   0.999146  0.938830    10.952775
288      0.380479   0.999268  0.940235    10.795366
289      0.381786   0.999342  0.941640    10.643349
290      0.383092   0.999363  0.942674    10.650306
291      0.384398   0.999232  0.943085    10.659448
292      0.385704   0.998944  0.943122    10.797652
293      0.387010   0.998547  0.943156    10.935248
294      0.388316   0.998274  0.943482    11.064746
295      0.389623   0.998161  0.943807    11.101567
296      0.390929   0.998174  0.944132    11.050755
297      0.392235   0.998285  0.944434    10.899814
298      0.393541   0.998389  0.944175    10.730005
299      0.394847   0.998515  0.944223    10.605524
300      0.396153   0.998576  0.944299    10.666923
301      0.397459   0.998691  0.944113    10.853166
302      0.398766   0.998880  0.943951    10.880741
303      0.400072   0.999064  0.943287    10.798244
304      0.401378   0.999320  0.942704    10.659462
305      0.402684   0.999363  0.941725    10.576166
306      0.403990   0.999234  0.941137    10.684463
307      0.405296   0.999043  0.941096    10.834061
308      0.406603   0.998836  0.940821    10.955336
309      0.407909   0.998695  0.940544    11.086672
310      0.409215   0.998737  0.940477    11.065520
311      0.410521   0.998834  0.940138    10.932329
312      0.411827   0.998825  0.940865    10.879312
313      0.413133   0.998739  0.941344    10.793353
314      0.414439   0.998617  0.942957    10.839770
315      0.415746   0.998514  0.943188    10.950838
316      0.417052   0.998613  0.942407    11.124963
317      0.418358   0.998720  0.941712    11.259197
318      0.419664   0.998818  0.942043    11.402587
319      0.420970   0.998792  0.943272    11.357855
320      0.422276   0.998679  0.944286    11.244280
321      0.423583   0.998718  0.944256    11.253922
322      0.424889   0.998769  0.944074    11.316477
323      0.426195   0.998901  0.943497    11.501140
324      0.427501   0.998886  0.943575    11.678810
325      0.428807   0.998909  0.943447    11.682446
326      0.430113   0.998939  0.942870    11.588969
327      0.431419   0.998955  0.942514    11.509728
328      0.432726   0.998912  0.942356    11.566812
329      0.434032   0.998903  0.942529    11.618957
330      0.435338   0.998914  0.942882    11.613468
331      0.436644   0.999035  0.943838    11.405164
332      0.437950   0.999020  0.944934    11.470857
333      0.439256   0.998976  0.946029    11.560816
334      0.440563   0.998867  0.946956    11.568109
335      0.441869   0.998715  0.947090    11.468065
336      0.443175   0.998682  0.947090    11.199091
337      0.444481   0.998670  0.947229    10.945652
338      0.445787   0.998667  0.947599    10.882963
339      0.447093   0.998605  0.948292    10.949723
340      0.448399   0.998486  0.948985    11.061179
341      0.449706   0.998474  0.949787    10.989055
342      0.451012   0.998512  0.950447    10.898029
343      0.452318   0.998654  0.950899    10.915501
344      0.453624   0.998704  0.950740    11.083683
345      0.454930   0.998656  0.950387    11.292582
346      0.456236   0.998595  0.950033    11.571880
347      0.457543   0.998564  0.949735    11.801988
348      0.458849   0.998684  0.949964    11.881434
349      0.460155   0.998846  0.950276    11.924348
350      0.461461   0.998953  0.950587    11.835435
351      0.462767   0.998981  0.951154    11.672874
352      0.464073   0.998902  0.952268    11.541467
353      0.465379   0.998837  0.953222    11.546533
354      0.466686   0.998880  0.953704    11.556958
355      0.467992   0.998907  0.953704    11.556041
356      0.469298   0.998803  0.953704    11.466144
357      0.470604   0.998732  0.953704    11.404615
358      0.471910   0.998716  0.953352    11.376286
359      0.473216   0.998860  0.952560    11.403660
360      0.474523   0.999092  0.950908    11.440250
361      0.475829   0.999201  0.949266    11.427319
362      0.477135   0.999203  0.947693    11.309973
363      0.478441   0.999001  0.946718    11.257608
364      0.479747   0.998890  0.946429    11.258803
365      0.481053   0.998779  0.946140    11.270344
366      0.482360   0.998721  0.946428    11.330040
367      0.483666   0.998730  0.947747    11.468517
368      0.484972   0.998758  0.949449    11.474846
369      0.486278   0.998795  0.950262    11.547373
370      0.487584   0.998824  0.949811    11.674539
371      0.488890   0.998907  0.949073    11.952547
372      0.490196   0.998952  0.948697    12.309474
373      0.491503   0.999008  0.948395    12.464256
374      0.492809   0.999085  0.948739    12.534959
375      0.494115   0.999180  0.949322    12.477051
376      0.495421   0.999120  0.949938    12.416975
377      0.496727   0.999063  0.950184    12.543040
378      0.498033   0.998912  0.950132    12.654459
379      0.499340   0.998623  0.949336    12.854386
380      0.500646   0.998385  0.949673    12.986547
381      0.501952   0.998476  0.950040    13.356619
382      0.503258   0.998636  0.950563    13.589435
383      0.504564   0.998744  0.950451    13.907662
384      0.505870   0.998739  0.950470    14.147051
385      0.507176   0.998692  0.950211    14.410183
386      0.508483   0.998777  0.951377    14.617907
387      0.509789   0.998849  0.952592    14.668116
388      0.511095   0.998894  0.953386    14.638618
389      0.512401   0.998923  0.952785    14.905379
390      0.513707   0.998892  0.951944    15.162877
391      0.515013   0.998867  0.951014    15.370616
392      0.516320   0.998872  0.950743    15.564003
393      0.517626   0.998815  0.950753    15.671638
394      0.518932   0.998743  0.951058    15.689257
395      0.520238   0.998688  0.951058    15.763837
396      0.521544   0.998677  0.951108    15.759691
397      0.522850   0.998786  0.951412    16.065837
398      0.524156   0.998868  0.952120    16.387322
399      0.525463   0.998954  0.953149    16.743480
400      0.526769   0.998998  0.954184    17.219365
401      0.528075   0.998927  0.954603    17.599084
402      0.529381   0.998774  0.954516    18.238182
403      0.530687   0.998592  0.953995    18.571152
404      0.531993   0.998609  0.954040    18.683876
405      0.533300   0.998617  0.954638    18.612028
406      0.534606   0.998689  0.955068    18.457759
407      0.535912   0.998745  0.955498    18.421537
408      0.537218   0.998766  0.954844    18.224763
409      0.538524   0.998826  0.954205    18.265649
410      0.539830   0.998864  0.954147    18.491029
411      0.541136   0.999014  0.954979    18.747985
412      0.542443   0.999028  0.955835    18.997671
413      0.543749   0.998873  0.956349    19.059659
414      0.545055   0.998602  0.956349    19.307774
415      0.546361   0.998408  0.956349    19.718334
416      0.547667   0.998299  0.956349    20.114080
417      0.548973   0.998364  0.956349    20.164658
418      0.550280   0.998492  0.956349    20.072483
419      0.551586   0.998504  0.956349    20.170927
420      0.552892   0.998524  0.956663    20.458631
421      0.554198   0.998572  0.957180    20.813441
422      0.555504   0.998646  0.957242    21.348674
423      0.556810   0.998560  0.956347    21.904543
424      0.558117   0.998406  0.955452    22.395087
425      0.559423   0.998364  0.955026    22.690288
426      0.560729   0.998432  0.955375    23.041217
427      0.562035   0.998418  0.956156    23.537696
428      0.563341   0.998273  0.956903    23.918347
429      0.564647   0.997880  0.958196    24.320939
430      0.565953   0.997511  0.959295    24.822652
431      0.567260   0.997343  0.960036    25.424348
432      0.568566   0.997370  0.960155    25.670189
433      0.569872   0.997276  0.959765    25.847492
434      0.571178   0.997042  0.958663    26.074920
435      0.572484   0.996826  0.957444    26.566213
436      0.573790   0.996780  0.956605    27.132185
437      0.575097   0.996896  0.957027    27.604311
438      0.576403   0.997035  0.958003    27.852531
439      0.577709   0.997135  0.958979    28.215537
440      0.579015   0.997241  0.958995    28.726871
441      0.580321   0.997237  0.959128    29.424959
442      0.581627   0.997218  0.960089    29.846283
443      0.582933   0.997050  0.960830    30.121446
444      0.584240   0.996878  0.960570    30.234865
445      0.585546   0.996723  0.958838    30.522795
446      0.586852   0.996559  0.957728    30.818273
447      0.588158   0.996537  0.957046    31.022718
448      0.589464   0.996674  0.956965    31.100933
449      0.590770   0.996656  0.957379    31.189826
450      0.592077   0.996492  0.957672    31.461835
451      0.593383   0.996228  0.957672    31.804269
452      0.594689   0.996111  0.957672    32.160847
453      0.595995   0.996078  0.957905    32.343551
454      0.597301   0.995966  0.958498    32.389844
455      0.598607   0.995984  0.959067    32.501988
456      0.599913   0.996016  0.959515    32.643798
457      0.601220   0.996126  0.960635    33.042965
458      0.602526   0.996142  0.961694    33.416349
459      0.603832   0.995879  0.962084    33.666352
460      0.605138   0.995541  0.961743    34.008445
461      0.606444   0.995317  0.960618    34.190497
462      0.607750   0.995396  0.960194    34.261123
463      0.609057   0.995446  0.959904    34.302072
464      0.610363   0.995395  0.960748    34.284046
465      0.611669   0.995325  0.961811    34.484837
466      0.612975   0.995317  0.962669    34.815334
467      0.614281   0.995548  0.962963    35.175078
468      0.615587   0.995693  0.963460    35.163020
469      0.616893   0.995686  0.964375    34.981506
470      0.618200   0.995533  0.965849    35.078304
471      0.619506   0.995531  0.966556    35.348813
472      0.620812   0.995401  0.966547    35.707860
473      0.622118   0.995202  0.964677    36.085757
474      0.623424   0.994966  0.963059    36.302056
475      0.624730   0.994963  0.962133    36.072412
476      0.626037   0.995059  0.962142    35.882757
477      0.627343   0.995248  0.962234    35.488871
478      0.628649   0.995550  0.962770    35.388114
479      0.629955   0.995652  0.963611    35.384940
480      0.631261   0.995646  0.963915    35.379033
481      0.632567   0.995555  0.963542    35.434276
482      0.633873   0.995439  0.963582    35.414934
483      0.635180   0.995335  0.964080    35.385572
484      0.636486   0.995512  0.964000    35.522105
485      0.637792   0.995666  0.963555    35.689975
486      0.639098   0.995620  0.963111    35.570584
487      0.640404   0.995507  0.963168    35.250969
488      0.641710   0.995517  0.963549    34.723651
489      0.643017   0.995616  0.963930    34.543815
490      0.644323   0.995748  0.964951    34.554173
491      0.645629   0.995591  0.965684    34.679736
492      0.646935   0.995258  0.966417    34.578037
493      0.648241   0.994970  0.966569    34.520068
494      0.649547   0.995070  0.966641    34.255528
495      0.650854   0.995183  0.966636    34.273106
496      0.652160   0.995225  0.966931    34.443498
497      0.653466   0.995220  0.966931    34.633084
498      0.654772   0.995196  0.966931    34.737411
499      0.656078   0.995381  0.967303    34.734499
avg_random_sel_results
     runtime_frac  cross_acc  true_acc  diff
0        0.000589   0.571644  0.588087   0.0
1        0.001903   0.671932  0.657614   0.0
2        0.003216   0.687726  0.682839   0.0
3        0.004530   0.699574  0.701906   0.0
4        0.005844   0.719016  0.717097   0.0
5        0.007157   0.726627  0.729340   0.0
6        0.008471   0.736462  0.733051   0.0
7        0.009784   0.750040  0.746419   0.0
8        0.011098   0.763322  0.760429   0.0
9        0.012412   0.780533  0.785072   0.0
10       0.013725   0.795607  0.810420   0.0
11       0.015039   0.799492  0.804365   0.0
12       0.016352   0.801787  0.802087   0.0
13       0.017666   0.808925  0.802013   0.0
14       0.018980   0.817423  0.812387   0.0
15       0.020293   0.819825  0.814453   0.0
16       0.021607   0.820434  0.807181   0.0
17       0.022920   0.825313  0.818817   0.0
18       0.024234   0.832752  0.827760   0.0
19       0.025548   0.835683  0.829437   0.0
20       0.026861   0.838453  0.834506   0.0
21       0.028175   0.841197  0.839550   0.0
22       0.029488   0.843946  0.842655   0.0
23       0.030802   0.844554  0.843246   0.0
24       0.032116   0.848032  0.840141   0.0
25       0.033429   0.850903  0.840718   0.0
26       0.034743   0.854372  0.844584   0.0
27       0.036056   0.856588  0.847196   0.0
28       0.037370   0.857914  0.847225   0.0
29       0.038684   0.860934  0.852789   0.0
30       0.039997   0.865031  0.849153   0.0
31       0.041311   0.867105  0.852534   0.0
32       0.042624   0.868370  0.850081   0.0
33       0.043938   0.869655  0.847236   0.0
34       0.045252   0.874096  0.851628   0.0
35       0.046565   0.875878  0.857443   0.0
36       0.047879   0.878801  0.855809   0.0
37       0.049192   0.880658  0.856009   0.0
38       0.050506   0.880906  0.859102   0.0
39       0.051820   0.882939  0.867369   0.0
40       0.053133   0.883843  0.867126   0.0
41       0.054447   0.886010  0.861283   0.0
42       0.055761   0.887410  0.865776   0.0
43       0.057074   0.889667  0.866580   0.0
44       0.058388   0.890003  0.866446   0.0
45       0.059701   0.889882  0.865186   0.0
46       0.061015   0.890583  0.868836   0.0
47       0.062329   0.890258  0.871906   0.0
48       0.063642   0.889445  0.868425   0.0
49       0.064956   0.887521  0.866491   0.0
50       0.066269   0.886437  0.871837   0.0
51       0.067583   0.888379  0.873073   0.0
52       0.068897   0.892798  0.876648   0.0
53       0.070210   0.893913  0.882071   0.0
54       0.071524   0.893161  0.881458   0.0
55       0.072837   0.896207  0.879327   0.0
56       0.074151   0.897815  0.876961   0.0
57       0.075465   0.898759  0.879494   0.0
58       0.076778   0.898768  0.879262   0.0
59       0.078092   0.898529  0.876456   0.0
60       0.079405   0.901396  0.879839   0.0
61       0.080719   0.903554  0.886547   0.0
62       0.082033   0.903696  0.889356   0.0
63       0.083346   0.903268  0.888471   0.0
64       0.084660   0.904098  0.888377   0.0
65       0.085973   0.905089  0.887031   0.0
66       0.087287   0.907377  0.888488   0.0
67       0.088601   0.908074  0.890211   0.0
68       0.089914   0.910133  0.892983   0.0
69       0.091228   0.910662  0.893967   0.0
70       0.092541   0.909960  0.895964   0.0
71       0.093855   0.909966  0.897358   0.0
72       0.095169   0.910263  0.899306   0.0
73       0.096482   0.911530  0.901472   0.0
74       0.097796   0.912732  0.902514   0.0
75       0.099109   0.912098  0.903439   0.0
76       0.100423   0.913332  0.901377   0.0
77       0.101737   0.913720  0.900164   0.0
78       0.103050   0.914598  0.898639   0.0
79       0.104364   0.915418  0.901629   0.0
80       0.105678   0.914632  0.900961   0.0
81       0.106991   0.915998  0.904101   0.0
82       0.108305   0.917096  0.905317   0.0
83       0.109618   0.917185  0.903810   0.0
84       0.110932   0.916544  0.907639   0.0
85       0.112246   0.917960  0.905010   0.0
86       0.113559   0.919413  0.906297   0.0
87       0.114873   0.918911  0.908016   0.0
88       0.116186   0.918803  0.909540   0.0
89       0.117500   0.919264  0.910337   0.0
90       0.118814   0.918463  0.909048   0.0
91       0.120127   0.919296  0.906430   0.0
92       0.121441   0.920536  0.904661   0.0
93       0.122754   0.920964  0.904151   0.0
94       0.124068   0.920557  0.902943   0.0
95       0.125382   0.921708  0.903873   0.0
96       0.126695   0.921524  0.901129   0.0
97       0.128009   0.921592  0.903466   0.0
98       0.129322   0.922217  0.905095   0.0
99       0.130636   0.922770  0.905616   0.0
100      0.131950   0.922816  0.904218   0.0
101      0.133263   0.923402  0.905968   0.0
102      0.134577   0.923313  0.902877   0.0
103      0.135890   0.922868  0.904079   0.0
104      0.137204   0.923743  0.903965   0.0
105      0.138518   0.924505  0.904254   0.0
106      0.139831   0.924608  0.906288   0.0
107      0.141145   0.924706  0.906789   0.0
108      0.142458   0.924594  0.907152   0.0
109      0.143772   0.924395  0.908676   0.0
110      0.145086   0.925290  0.905507   0.0
111      0.146399   0.924899  0.904871   0.0
112      0.147713   0.925530  0.904813   0.0
113      0.149026   0.926063  0.906817   0.0
114      0.150340   0.926667  0.905198   0.0
115      0.151654   0.926571  0.909408   0.0
116      0.152967   0.926350  0.907767   0.0
117      0.154281   0.927350  0.910338   0.0
118      0.155595   0.927612  0.910127   0.0
119      0.156908   0.927248  0.911058   0.0
120      0.158222   0.927547  0.912157   0.0
121      0.159535   0.928531  0.913322   0.0
122      0.160849   0.928384  0.915737   0.0
123      0.162163   0.928682  0.917223   0.0
124      0.163476   0.928822  0.915150   0.0
125      0.164790   0.929273  0.913607   0.0
126      0.166103   0.929173  0.912624   0.0
127      0.167417   0.929721  0.909731   0.0
128      0.168731   0.931122  0.910816   0.0
129      0.170044   0.931717  0.913218   0.0
130      0.171358   0.931169  0.912761   0.0
131      0.172671   0.930866  0.915303   0.0
132      0.173985   0.930321  0.916306   0.0
133      0.175299   0.930942  0.918636   0.0
134      0.176612   0.931180  0.916489   0.0
135      0.177926   0.930594  0.916806   0.0
136      0.179239   0.930973  0.916585   0.0
137      0.180553   0.930375  0.916363   0.0
138      0.181867   0.930832  0.914738   0.0
139      0.183180   0.931730  0.918277   0.0
140      0.184494   0.932013  0.920904   0.0
141      0.185807   0.933134  0.920590   0.0
142      0.187121   0.933525  0.918116   0.0
143      0.188435   0.933254  0.919280   0.0
144      0.189748   0.933574  0.922064   0.0
145      0.191062   0.934446  0.923583   0.0
146      0.192375   0.936334  0.926659   0.0
147      0.193689   0.936701  0.923707   0.0
148      0.195003   0.937164  0.926061   0.0
149      0.196316   0.938964  0.929293   0.0
150      0.197630   0.938698  0.929220   0.0
151      0.198943   0.938942  0.927958   0.0
152      0.200257   0.938813  0.928676   0.0
153      0.201571   0.939677  0.929457   0.0
154      0.202884   0.939921  0.930414   0.0
155      0.204198   0.940316  0.932872   0.0
156      0.205512   0.939844  0.931097   0.0
157      0.206825   0.939658  0.929938   0.0
158      0.208139   0.939855  0.930948   0.0
159      0.209452   0.940334  0.930402   0.0
160      0.210766   0.940502  0.929894   0.0
161      0.212080   0.940827  0.931090   0.0
162      0.213393   0.940337  0.931469   0.0
163      0.214707   0.941288  0.927932   0.0
164      0.216020   0.941005  0.927249   0.0
165      0.217334   0.941649  0.929187   0.0
166      0.218648   0.942181  0.930692   0.0
167      0.219961   0.942360  0.931635   0.0
168      0.221275   0.941671  0.932145   0.0
169      0.222588   0.941360  0.930690   0.0
170      0.223902   0.941473  0.931046   0.0
171      0.225216   0.941458  0.930781   0.0
172      0.226529   0.942247  0.932473   0.0
173      0.227843   0.942459  0.932852   0.0
174      0.229156   0.943048  0.932670   0.0
175      0.230470   0.943254  0.931958   0.0
176      0.231784   0.943413  0.930449   0.0
177      0.233097   0.943189  0.930156   0.0
178      0.234411   0.942783  0.930246   0.0
179      0.235724   0.942807  0.928639   0.0
180      0.237038   0.942829  0.927552   0.0
181      0.238352   0.943487  0.930825   0.0
182      0.239665   0.943883  0.930841   0.0
183      0.240979   0.943223  0.929894   0.0
184      0.242292   0.943608  0.928966   0.0
185      0.243606   0.943912  0.928403   0.0
186      0.244920   0.944471  0.928796   0.0
187      0.246233   0.945421  0.929281   0.0
188      0.247547   0.945964  0.927383   0.0
189      0.248860   0.946166  0.925606   0.0
190      0.250174   0.946870  0.925676   0.0
191      0.251488   0.946326  0.926568   0.0
192      0.252801   0.946260  0.926210   0.0
193      0.254115   0.945600  0.925926   0.0
194      0.255429   0.946438  0.924827   0.0
195      0.256742   0.947458  0.924020   0.0
196      0.258056   0.947858  0.927710   0.0
197      0.259369   0.948471  0.927249   0.0
198      0.260683   0.948806  0.927249   0.0
199      0.261997   0.949019  0.928144   0.0
200      0.263310   0.949521  0.927492   0.0
201      0.264624   0.949972  0.925978   0.0
202      0.265937   0.950337  0.924603   0.0
203      0.267251   0.950219  0.925700   0.0
204      0.268565   0.950516  0.925905   0.0
205      0.269878   0.950946  0.926947   0.0
206      0.271192   0.951199  0.931706   0.0
207      0.272505   0.951625  0.932735   0.0
208      0.273819   0.952109  0.934011   0.0
209      0.275133   0.951902  0.931195   0.0
210      0.276446   0.952366  0.929532   0.0
211      0.277760   0.952775  0.930262   0.0
212      0.279073   0.953599  0.929841   0.0
213      0.280387   0.953287  0.932322   0.0
214      0.281701   0.953859  0.931719   0.0
215      0.283014   0.953726  0.930306   0.0
216      0.284328   0.952666  0.930322   0.0
217      0.285641   0.952839  0.932662   0.0
218      0.286955   0.953535  0.932170   0.0
219      0.288269   0.953802  0.932710   0.0
220      0.289582   0.953688  0.934061   0.0
221      0.290896   0.954003  0.936442   0.0
222      0.292209   0.954282  0.934679   0.0
223      0.293523   0.954748  0.934287   0.0
224      0.294837   0.955599  0.934235   0.0
225      0.296150   0.955717  0.936470   0.0
226      0.297464   0.955883  0.939551   0.0
227      0.298778   0.956060  0.939790   0.0
228      0.300091   0.956721  0.938979   0.0
229      0.301405   0.956367  0.937963   0.0
230      0.302718   0.956955  0.937186   0.0
231      0.304032   0.956463  0.937399   0.0
232      0.305346   0.956525  0.936213   0.0
233      0.306659   0.956768  0.934373   0.0
234      0.307973   0.956335  0.936059   0.0
235      0.309286   0.956450  0.935989   0.0
236      0.310600   0.956418  0.935361   0.0
237      0.311914   0.955954  0.936520   0.0
238      0.313227   0.956531  0.937831   0.0
239      0.314541   0.956861  0.938081   0.0
240      0.315854   0.957099  0.937313   0.0
241      0.317168   0.957106  0.936959   0.0
242      0.318482   0.957380  0.936508   0.0
243      0.319795   0.957370  0.936974   0.0
244      0.321109   0.956729  0.937831   0.0
245      0.322422   0.956932  0.937831   0.0
246      0.323736   0.957802  0.938696   0.0
247      0.325050   0.957336  0.941928   0.0
248      0.326363   0.957216  0.942677   0.0
249      0.327677   0.957172  0.941054   0.0
250      0.328990   0.957426  0.940476   0.0
251      0.330304   0.957926  0.940941   0.0
252      0.331618   0.957989  0.941799   0.0
253      0.332931   0.958630  0.942181   0.0
254      0.334245   0.959126  0.942893   0.0
255      0.335558   0.958378  0.944219   0.0
256      0.336872   0.958855  0.943476   0.0
257      0.338186   0.958943  0.941212   0.0
258      0.339499   0.958976  0.943143   0.0
259      0.340813   0.958596  0.943335   0.0
260      0.342126   0.958606  0.943122   0.0
261      0.343440   0.958787  0.943122   0.0
262      0.344754   0.959276  0.942861   0.0
263      0.346067   0.959625  0.942654   0.0
264      0.347381   0.960109  0.941701   0.0
265      0.348695   0.960973  0.940991   0.0
266      0.350008   0.960817  0.942682   0.0
267      0.351322   0.960566  0.943214   0.0
268      0.352635   0.960468  0.940511   0.0
269      0.353949   0.961350  0.940203   0.0
270      0.355263   0.961701  0.940985   0.0
271      0.356576   0.961480  0.941604   0.0
272      0.357890   0.961673  0.939883   0.0
273      0.359203   0.961975  0.939370   0.0
274      0.360517   0.961750  0.939525   0.0
275      0.361831   0.961862  0.940476   0.0
276      0.363144   0.962238  0.940476   0.0
277      0.364458   0.961598  0.941799   0.0
278      0.365771   0.961762  0.941799   0.0
279      0.367085   0.962008  0.941799   0.0
280      0.368399   0.962332  0.941968   0.0
281      0.369712   0.962027  0.942969   0.0
282      0.371026   0.962355  0.943122   0.0
283      0.372339   0.962991  0.944174   0.0
284      0.373653   0.962753  0.943127   0.0
285      0.374967   0.962994  0.943126   0.0
286      0.376280   0.962398  0.943981   0.0
287      0.377594   0.961811  0.944444   0.0
288      0.378907   0.961028  0.945535   0.0
289      0.380221   0.961082  0.947334   0.0
290      0.381535   0.961676  0.946802   0.0
291      0.382848   0.961780  0.947090   0.0
292      0.384162   0.962194  0.948328   0.0
293      0.385475   0.962533  0.949063   0.0
294      0.386789   0.963052  0.947248   0.0
295      0.388103   0.963522  0.948413   0.0
296      0.389416   0.963731  0.949087   0.0
297      0.390730   0.964356  0.949735   0.0
298      0.392043   0.964702  0.949224   0.0
299      0.393357   0.964434  0.948751   0.0
300      0.394671   0.964547  0.949735   0.0
301      0.395984   0.963913  0.949735   0.0
302      0.397298   0.963892  0.950674   0.0
303      0.398612   0.963940  0.951147   0.0
304      0.399925   0.964479  0.951964   0.0
305      0.401239   0.965333  0.952731   0.0
306      0.402552   0.965510  0.953646   0.0
307      0.403866   0.965180  0.953383   0.0
308      0.405180   0.964856  0.952964   0.0
309      0.406493   0.965417  0.953236   0.0
310      0.407807   0.964856  0.953878   0.0
311      0.409120   0.964712  0.955026   0.0
312      0.410434   0.965099  0.955026   0.0
313      0.411748   0.965368  0.955026   0.0
314      0.413061   0.965011  0.954453   0.0
315      0.414375   0.964614  0.954071   0.0
316      0.415688   0.965415  0.954707   0.0
317      0.417002   0.964900  0.954134   0.0
318      0.418316   0.964301  0.955026   0.0
319      0.419629   0.963838  0.954263   0.0
320      0.420943   0.963318  0.953704   0.0
321      0.422256   0.964029  0.953704   0.0
322      0.423570   0.965217  0.955026   0.0
323      0.424884   0.965851  0.954283   0.0
324      0.426197   0.966527  0.954378   0.0
325      0.427511   0.966702  0.952588   0.0
326      0.428824   0.966659  0.951180   0.0
327      0.430138   0.966704  0.951001   0.0
328      0.431452   0.966496  0.950290   0.0
329      0.432765   0.966385  0.952271   0.0
330      0.434079   0.966243  0.951447   0.0
331      0.435392   0.966222  0.951928   0.0
332      0.436706   0.965632  0.953696   0.0
333      0.438020   0.965399  0.953704   0.0
334      0.439333   0.966359  0.953704   0.0
335      0.440647   0.967486  0.953704   0.0
336      0.441960   0.967686  0.952621   0.0
337      0.443274   0.967781  0.952381   0.0
338      0.444588   0.968162  0.952999   0.0
339      0.445901   0.968462  0.952976   0.0
340      0.447215   0.967775  0.952381   0.0
341      0.448529   0.968186  0.952381   0.0
342      0.449842   0.968692  0.952381   0.0
343      0.451156   0.968413  0.953704   0.0
344      0.452469   0.968202  0.954262   0.0
345      0.453783   0.968418  0.955641   0.0
346      0.455097   0.968428  0.956123   0.0
347      0.456410   0.968195  0.955773   0.0
348      0.457724   0.968823  0.956757   0.0
349      0.459037   0.969491  0.958477   0.0
350      0.460351   0.969961  0.959265   0.0
351      0.461665   0.969639  0.958504   0.0
352      0.462978   0.969233  0.958221   0.0
353      0.464292   0.969028  0.958696   0.0
354      0.465605   0.969370  0.959891   0.0
355      0.466919   0.969564  0.958363   0.0
356      0.468233   0.969459  0.957672   0.0
357      0.469546   0.968979  0.957672   0.0
358      0.470860   0.968941  0.957672   0.0
359      0.472173   0.969051  0.958995   0.0
360      0.473487   0.969567  0.958995   0.0
361      0.474801   0.969851  0.958441   0.0
362      0.476114   0.970142  0.957672   0.0
363      0.477428   0.970523  0.957610   0.0
364      0.478741   0.971028  0.955592   0.0
365      0.480055   0.970772  0.955013   0.0
366      0.481369   0.970907  0.954503   0.0
367      0.482682   0.970837  0.954241   0.0
368      0.483996   0.970388  0.955605   0.0
369      0.485309   0.971204  0.957335   0.0
370      0.486623   0.971411  0.957859   0.0
371      0.487937   0.970904  0.957672   0.0
372      0.489250   0.971217  0.957056   0.0
373      0.490564   0.972023  0.957157   0.0
374      0.491877   0.972109  0.957207   0.0
375      0.493191   0.972046  0.957759   0.0
376      0.494505   0.972322  0.958557   0.0
377      0.495818   0.972171  0.958468   0.0
378      0.497132   0.972026  0.959195   0.0
379      0.498446   0.973301  0.960662   0.0
380      0.499759   0.973376  0.958231   0.0
381      0.501073   0.973225  0.959678   0.0
382      0.502386   0.973337  0.960317   0.0
383      0.503700   0.973137  0.961468   0.0
384      0.505014   0.973284  0.960352   0.0
385      0.506327   0.973599  0.959722   0.0
386      0.507641   0.973755  0.961009   0.0
387      0.508954   0.973762  0.963266   0.0
388      0.510268   0.974498  0.963254   0.0
389      0.511582   0.974764  0.963353   0.0
390      0.512895   0.975323  0.962963   0.0
391      0.514209   0.975428  0.962963   0.0
392      0.515522   0.975319  0.962963   0.0
393      0.516836   0.975022  0.962963   0.0
394      0.518150   0.975324  0.963075   0.0
395      0.519463   0.975536  0.963690   0.0
396      0.520777   0.975478  0.965396   0.0
397      0.522090   0.975676  0.965698   0.0
398      0.523404   0.976051  0.965653   0.0
399      0.524718   0.976237  0.964092   0.0
400      0.526031   0.976172  0.963459   0.0
401      0.527345   0.976420  0.964499   0.0
402      0.528658   0.976790  0.964011   0.0
403      0.529972   0.977257  0.961122   0.0
404      0.531286   0.977417  0.961786   0.0
405      0.532599   0.977437  0.962611   0.0
406      0.533913   0.977674  0.960492   0.0
407      0.535226   0.978098  0.960611   0.0
408      0.536540   0.977790  0.961609   0.0
409      0.537854   0.978191  0.961636   0.0
410      0.539167   0.978455  0.960703   0.0
411      0.540481   0.978452  0.960178   0.0
412      0.541794   0.978397  0.960978   0.0
413      0.543108   0.977884  0.961515   0.0
414      0.544422   0.978096  0.960916   0.0
415      0.545735   0.977555  0.960529   0.0
416      0.547049   0.977393  0.961640   0.0
417      0.548363   0.977551  0.961640   0.0
418      0.549676   0.978549  0.962441   0.0
419      0.550990   0.979112  0.963471   0.0
420      0.552303   0.978880  0.964286   0.0
421      0.553617   0.978956  0.965501   0.0
422      0.554931   0.978936  0.966450   0.0
423      0.556244   0.978978  0.967550   0.0
424      0.557558   0.979336  0.965628   0.0
425      0.558871   0.979410  0.965421   0.0
426      0.560185   0.979579  0.966836   0.0
427      0.561499   0.979528  0.964982   0.0
428      0.562812   0.979539  0.965864   0.0
429      0.564126   0.979610  0.968686   0.0
430      0.565439   0.980123  0.969497   0.0
431      0.566753   0.980542  0.968880   0.0
432      0.568067   0.981300  0.968254   0.0
433      0.569380   0.981232  0.968254   0.0
434      0.570694   0.981427  0.968067   0.0
435      0.572007   0.981380  0.968134   0.0
436      0.573321   0.981463  0.970572   0.0
437      0.574635   0.981576  0.970344   0.0
438      0.575948   0.982193  0.967130   0.0
439      0.577262   0.982045  0.965624   0.0
440      0.578575   0.982085  0.967649   0.0
441      0.579889   0.982190  0.967389   0.0
442      0.581203   0.982618  0.967302   0.0
443      0.582516   0.983250  0.966931   0.0
444      0.583830   0.983419  0.966931   0.0
445      0.585143   0.982884  0.966931   0.0
446      0.586457   0.982747  0.964426   0.0
447      0.587771   0.982823  0.963503   0.0
448      0.589084   0.982774  0.964059   0.0
449      0.590398   0.983330  0.962287   0.0
450      0.591711   0.983645  0.962579   0.0
451      0.593025   0.983879  0.964286   0.0
452      0.594339   0.983947  0.964286   0.0
453      0.595652   0.983652  0.964580   0.0
454      0.596966   0.983251  0.963959   0.0
455      0.598280   0.983466  0.964327   0.0
456      0.599593   0.983944  0.962963   0.0
457      0.600907   0.983767  0.964286   0.0
458      0.602220   0.984242  0.964608   0.0
459      0.603534   0.984215  0.965674   0.0
460      0.604848   0.984304  0.965608   0.0
461      0.606161   0.984646  0.966513   0.0
462      0.607475   0.984996  0.965749   0.0
463      0.608788   0.985343  0.965608   0.0
464      0.610102   0.985357  0.965343   0.0
465      0.611416   0.985865  0.965000   0.0
466      0.612729   0.986683  0.967508   0.0
467      0.614043   0.986770  0.968259   0.0
468      0.615356   0.987048  0.971377   0.0
469      0.616670   0.987560  0.970464   0.0
470      0.617984   0.988086  0.967662   0.0
471      0.619297   0.988048  0.967447   0.0
472      0.620611   0.988038  0.969783   0.0
473      0.621924   0.988378  0.971816   0.0
474      0.623238   0.989008  0.973242   0.0
475      0.624552   0.989466  0.973108   0.0
476      0.625865   0.989383  0.972815   0.0
477      0.627179   0.989436  0.970353   0.0
478      0.628492   0.989894  0.970273   0.0
479      0.629806   0.990310  0.971598   0.0
480      0.631120   0.990430  0.972222   0.0
481      0.632433   0.990331  0.970909   0.0
482      0.633747   0.990392  0.971908   0.0
483      0.635060   0.990577  0.973252   0.0
484      0.636374   0.990822  0.972222   0.0
485      0.637688   0.990744  0.972334   0.0
486      0.639001   0.990528  0.971522   0.0
487      0.640315   0.990334  0.970600   0.0
488      0.641628   0.990594  0.969970   0.0
489      0.642942   0.991073  0.970386   0.0
490      0.644256   0.991475  0.970068   0.0
491      0.645569   0.991881  0.969577   0.0
492      0.646883   0.992357  0.968662   0.0
493      0.648197   0.992652  0.969006   0.0
494      0.649510   0.993057  0.968112   0.0
495      0.650824   0.993321  0.966931   0.0
496      0.652137   0.993468  0.966931   0.0
497      0.653451   0.993338  0.966931   0.0
498      0.654765   0.993315  0.967075   0.0
499      0.656078   0.994113  0.966931   0.0
avg_var_sel_results
     runtime_frac  cross_acc  true_acc  diff
0    9.456130e-09   0.697029  0.693004   0.0
1    1.314795e-03   0.762600  0.733130   0.0
2    2.629581e-03   0.773684  0.755861   0.0
3    3.944367e-03   0.778703  0.768304   0.0
4    5.259153e-03   0.785628  0.786219   0.0
5    6.573939e-03   0.795639  0.812500   0.0
6    7.888724e-03   0.804551  0.823489   0.0
7    9.203510e-03   0.815146  0.831931   0.0
8    1.051830e-02   0.823300  0.836653   0.0
9    1.183308e-02   0.832148  0.843723   0.0
10   1.314787e-02   0.834629  0.852162   0.0
11   1.446265e-02   0.832835  0.858886   0.0
12   1.577744e-02   0.836178  0.865321   0.0
13   1.709223e-02   0.836828  0.867560   0.0
14   1.840701e-02   0.839399  0.867170   0.0
15   1.972180e-02   0.841229  0.873602   0.0
16   2.103658e-02   0.845037  0.883024   0.0
17   2.235137e-02   0.849868  0.888176   0.0
18   2.366615e-02   0.854453  0.894462   0.0
19   2.498094e-02   0.858987  0.900161   0.0
20   2.629573e-02   0.863675  0.905929   0.0
21   2.761051e-02   0.867543  0.911663   0.0
22   2.892530e-02   0.869192  0.912800   0.0
23   3.024008e-02   0.871669  0.911743   0.0
24   3.155487e-02   0.873892  0.915285   0.0
25   3.286966e-02   0.873236  0.912735   0.0
26   3.418444e-02   0.874211  0.911657   0.0
27   3.549923e-02   0.875032  0.911407   0.0
28   3.681401e-02   0.879034  0.908517   0.0
29   3.812880e-02   0.880775  0.907125   0.0
30   3.944358e-02   0.882974  0.903962   0.0
31   4.075837e-02   0.885045  0.900418   0.0
32   4.207316e-02   0.886056  0.901411   0.0
33   4.338794e-02   0.887121  0.901348   0.0
34   4.470273e-02   0.886746  0.905093   0.0
35   4.601751e-02   0.886907  0.907668   0.0
36   4.733230e-02   0.888489  0.908114   0.0
37   4.864708e-02   0.891081  0.909942   0.0
38   4.996187e-02   0.892672  0.909489   0.0
39   5.127666e-02   0.892141  0.907000   0.0
40   5.259144e-02   0.892153  0.907150   0.0
41   5.390623e-02   0.892133  0.913123   0.0
42   5.522101e-02   0.891989  0.914367   0.0
43   5.653580e-02   0.891618  0.917020   0.0
44   5.785059e-02   0.891216  0.922044   0.0
45   5.916537e-02   0.890915  0.923790   0.0
46   6.048016e-02   0.890543  0.929793   0.0
47   6.179494e-02   0.890649  0.933425   0.0
48   6.310973e-02   0.891366  0.929593   0.0
49   6.442451e-02   0.892590  0.924817   0.0
50   6.573930e-02   0.893243  0.925011   0.0
51   6.705409e-02   0.893025  0.922681   0.0
52   6.836887e-02   0.892019  0.918804   0.0
53   6.968366e-02   0.891804  0.917646   0.0
54   7.099844e-02   0.892857  0.922955   0.0
55   7.231323e-02   0.892358  0.927396   0.0
56   7.362802e-02   0.891414  0.927978   0.0
57   7.494280e-02   0.892791  0.927594   0.0
58   7.625759e-02   0.894100  0.925854   0.0
59   7.757237e-02   0.894822  0.924944   0.0
60   7.888716e-02   0.896010  0.926695   0.0
61   8.020194e-02   0.897537  0.930182   0.0
62   8.151673e-02   0.899338  0.931987   0.0
63   8.283152e-02   0.902031  0.932282   0.0
64   8.414630e-02   0.904629  0.931283   0.0
65   8.546109e-02   0.905399  0.929530   0.0
66   8.677587e-02   0.907043  0.929694   0.0
67   8.809066e-02   0.908679  0.931472   0.0
68   8.940545e-02   0.909948  0.933207   0.0
69   9.072023e-02   0.910760  0.934108   0.0
70   9.203502e-02   0.911287  0.937668   0.0
71   9.334980e-02   0.911618  0.938580   0.0
72   9.466459e-02   0.911021  0.939973   0.0
73   9.597937e-02   0.911158  0.941581   0.0
74   9.729416e-02   0.911101  0.940739   0.0
75   9.860895e-02   0.910709  0.939350   0.0
76   9.992373e-02   0.911356  0.937294   0.0
77   1.012385e-01   0.912013  0.936346   0.0
78   1.025533e-01   0.912739  0.936055   0.0
79   1.038681e-01   0.913926  0.932820   0.0
80   1.051829e-01   0.914312  0.931209   0.0
81   1.064977e-01   0.914075  0.930216   0.0
82   1.078124e-01   0.913773  0.929071   0.0
83   1.091272e-01   0.913986  0.930398   0.0
84   1.104420e-01   0.914533  0.933222   0.0
85   1.117568e-01   0.915187  0.935048   0.0
86   1.130716e-01   0.916110  0.935241   0.0
87   1.143864e-01   0.916807  0.934863   0.0
88   1.157012e-01   0.917528  0.934779   0.0
89   1.170159e-01   0.918460  0.933019   0.0
90   1.183307e-01   0.918546  0.932095   0.0
91   1.196455e-01   0.919221  0.932393   0.0
92   1.209603e-01   0.919884  0.933321   0.0
93   1.222751e-01   0.920378  0.936044   0.0
94   1.235899e-01   0.920805  0.938764   0.0
95   1.249047e-01   0.920901  0.938168   0.0
96   1.262194e-01   0.921269  0.935146   0.0
97   1.275342e-01   0.922117  0.938444   0.0
98   1.288490e-01   0.923247  0.940284   0.0
99   1.301638e-01   0.924092  0.940795   0.0
100  1.314786e-01   0.925044  0.939942   0.0
101  1.327934e-01   0.925511  0.938991   0.0
102  1.341082e-01   0.926600  0.938998   0.0
103  1.354229e-01   0.928150  0.938278   0.0
104  1.367377e-01   0.929043  0.940767   0.0
105  1.380525e-01   0.930085  0.942888   0.0
106  1.393673e-01   0.930414  0.942799   0.0
107  1.406821e-01   0.930188  0.941903   0.0
108  1.419969e-01   0.930971  0.943220   0.0
109  1.433117e-01   0.931215  0.943825   0.0
110  1.446265e-01   0.932868  0.944206   0.0
111  1.459412e-01   0.934392  0.946101   0.0
112  1.472560e-01   0.934826  0.944599   0.0
113  1.485708e-01   0.935061  0.944534   0.0
114  1.498856e-01   0.934842  0.943011   0.0
115  1.512004e-01   0.935803  0.944718   0.0
116  1.525152e-01   0.937499  0.946032   0.0
117  1.538300e-01   0.938218  0.946026   0.0
118  1.551447e-01   0.938507  0.947084   0.0
119  1.564595e-01   0.939420  0.943038   0.0
120  1.577743e-01   0.940205  0.943976   0.0
121  1.590891e-01   0.941272  0.946399   0.0
122  1.604039e-01   0.942572  0.946551   0.0
123  1.617187e-01   0.944068  0.944569   0.0
124  1.630335e-01   0.945963  0.946524   0.0
125  1.643482e-01   0.947483  0.946013   0.0
126  1.656630e-01   0.948424  0.946761   0.0
127  1.669778e-01   0.949033  0.944965   0.0
128  1.682926e-01   0.949203  0.946875   0.0
129  1.696074e-01   0.949379  0.948862   0.0
130  1.709222e-01   0.950002  0.946590   0.0
131  1.722370e-01   0.951163  0.947086   0.0
132  1.735517e-01   0.950634  0.947881   0.0
133  1.748665e-01   0.951748  0.949179   0.0
134  1.761813e-01   0.952676  0.950187   0.0
135  1.774961e-01   0.953115  0.950995   0.0
136  1.788109e-01   0.955236  0.950013   0.0
137  1.801257e-01   0.956493  0.948348   0.0
138  1.814405e-01   0.958056  0.947582   0.0
139  1.827552e-01   0.959286  0.945359   0.0
140  1.840700e-01   0.959500  0.946241   0.0
141  1.853848e-01   0.959836  0.948538   0.0
142  1.866996e-01   0.960399  0.949357   0.0
143  1.880144e-01   0.961227  0.948445   0.0
144  1.893292e-01   0.961813  0.948413   0.0
145  1.906440e-01   0.961997  0.949939   0.0
146  1.919587e-01   0.961957  0.953338   0.0
147  1.932735e-01   0.962777  0.955092   0.0
148  1.945883e-01   0.963514  0.955026   0.0
149  1.959031e-01   0.963649  0.955026   0.0
150  1.972179e-01   0.963994  0.955928   0.0
151  1.985327e-01   0.964745  0.957464   0.0
152  1.998475e-01   0.964763  0.958437   0.0
153  2.011622e-01   0.965117  0.957051   0.0
154  2.024770e-01   0.965783  0.955856   0.0
155  2.037918e-01   0.965899  0.956395   0.0
156  2.051066e-01   0.966388  0.957672   0.0
157  2.064214e-01   0.967301  0.957672   0.0
158  2.077362e-01   0.967763  0.955920   0.0
159  2.090510e-01   0.967762  0.955863   0.0
160  2.103657e-01   0.968397  0.956858   0.0
161  2.116805e-01   0.969611  0.957602   0.0
162  2.129953e-01   0.970220  0.958877   0.0
163  2.143101e-01   0.970517  0.960492   0.0
164  2.156249e-01   0.971095  0.959780   0.0
165  2.169397e-01   0.971778  0.959953   0.0
166  2.182545e-01   0.971713  0.960763   0.0
167  2.195692e-01   0.971533  0.961428   0.0
168  2.208840e-01   0.971736  0.962671   0.0
169  2.221988e-01   0.971847  0.961152   0.0
170  2.235136e-01   0.971866  0.963278   0.0
171  2.248284e-01   0.971528  0.962428   0.0
172  2.261432e-01   0.971147  0.961801   0.0
173  2.274580e-01   0.972265  0.961413   0.0
174  2.287727e-01   0.971980  0.962063   0.0
175  2.300875e-01   0.972362  0.966746   0.0
176  2.314023e-01   0.972437  0.967890   0.0
177  2.327171e-01   0.972715  0.969357   0.0
178  2.340319e-01   0.972372  0.968988   0.0
179  2.353467e-01   0.971825  0.968254   0.0
180  2.366615e-01   0.971629  0.966591   0.0
181  2.379762e-01   0.971262  0.966292   0.0
182  2.392910e-01   0.971699  0.966931   0.0
183  2.406058e-01   0.972526  0.966924   0.0
184  2.419206e-01   0.973000  0.968071   0.0
185  2.432354e-01   0.972569  0.968366   0.0
186  2.445502e-01   0.972639  0.969363   0.0
187  2.458650e-01   0.972672  0.970220   0.0
188  2.471797e-01   0.972673  0.969885   0.0
189  2.484945e-01   0.973404  0.969493   0.0
190  2.498093e-01   0.973356  0.970100   0.0
191  2.511241e-01   0.973444  0.971524   0.0
192  2.524389e-01   0.973819  0.972222   0.0
193  2.537537e-01   0.974150  0.972041   0.0
194  2.550685e-01   0.973604  0.970297   0.0
195  2.563832e-01   0.973686  0.970288   0.0
196  2.576980e-01   0.974284  0.970899   0.0
197  2.590128e-01   0.972842  0.970899   0.0
198  2.603276e-01   0.973252  0.972222   0.0
199  2.616424e-01   0.973288  0.972015   0.0
200  2.629572e-01   0.972956  0.971316   0.0
201  2.642720e-01   0.973318  0.970899   0.0
202  2.655867e-01   0.973952  0.972086   0.0
203  2.669015e-01   0.974281  0.975609   0.0
204  2.682163e-01   0.974753  0.976664   0.0
205  2.695311e-01   0.974088  0.976258   0.0
206  2.708459e-01   0.974217  0.974869   0.0
207  2.721607e-01   0.974334  0.973983   0.0
208  2.734755e-01   0.974572  0.974868   0.0
209  2.747902e-01   0.974432  0.974868   0.0
210  2.761050e-01   0.974794  0.974868   0.0
211  2.774198e-01   0.975112  0.974868   0.0
212  2.787346e-01   0.974565  0.974868   0.0
213  2.800494e-01   0.975048  0.974868   0.0
214  2.813642e-01   0.976194  0.974868   0.0
215  2.826790e-01   0.976499  0.975959   0.0
216  2.839937e-01   0.976721  0.976190   0.0
217  2.853085e-01   0.976804  0.977219   0.0
218  2.866233e-01   0.976706  0.977513   0.0
219  2.879381e-01   0.976622  0.977513   0.0
220  2.892529e-01   0.976392  0.977513   0.0
221  2.905677e-01   0.976273  0.977020   0.0
222  2.918825e-01   0.976187  0.977020   0.0
223  2.931972e-01   0.976533  0.977513   0.0
224  2.945120e-01   0.976785  0.977513   0.0
225  2.958268e-01   0.976911  0.978464   0.0
226  2.971416e-01   0.977223  0.977513   0.0
227  2.984564e-01   0.977372  0.977513   0.0
228  2.997712e-01   0.977894  0.977396   0.0
229  3.010860e-01   0.977666  0.976190   0.0
230  3.024007e-01   0.978067  0.976190   0.0
231  3.037155e-01   0.978421  0.975632   0.0
232  3.050303e-01   0.978281  0.975185   0.0
233  3.063451e-01   0.978394  0.974132   0.0
234  3.076599e-01   0.978878  0.974164   0.0
235  3.089747e-01   0.979092  0.974782   0.0
236  3.102895e-01   0.978806  0.973992   0.0
237  3.116042e-01   0.978990  0.974933   0.0
238  3.129190e-01   0.979140  0.974868   0.0
239  3.142338e-01   0.979404  0.974868   0.0
240  3.155486e-01   0.979913  0.974868   0.0
241  3.168634e-01   0.980417  0.974868   0.0
242  3.181782e-01   0.980356  0.974868   0.0
243  3.194930e-01   0.980212  0.974868   0.0
244  3.208078e-01   0.980626  0.975257   0.0
245  3.221225e-01   0.980753  0.975172   0.0
246  3.234373e-01   0.980579  0.974868   0.0
247  3.247521e-01   0.981376  0.974868   0.0
248  3.260669e-01   0.981398  0.974868   0.0
249  3.273817e-01   0.981536  0.973998   0.0
250  3.286965e-01   0.982506  0.973701   0.0
251  3.300113e-01   0.982658  0.973545   0.0
252  3.313260e-01   0.982432  0.974161   0.0
253  3.326408e-01   0.982277  0.976899   0.0
254  3.339556e-01   0.982666  0.977513   0.0
255  3.352704e-01   0.982452  0.975827   0.0
256  3.365852e-01   0.982768  0.973331   0.0
257  3.379000e-01   0.983061  0.970742   0.0
258  3.392148e-01   0.983748  0.970512   0.0
259  3.405295e-01   0.983193  0.971030   0.0
260  3.418443e-01   0.983590  0.973350   0.0
261  3.431591e-01   0.984044  0.970905   0.0
262  3.444739e-01   0.984226  0.970152   0.0
263  3.457887e-01   0.984613  0.969577   0.0
264  3.471035e-01   0.984689  0.970899   0.0
265  3.484183e-01   0.985514  0.970899   0.0
266  3.497330e-01   0.985778  0.970899   0.0
267  3.510478e-01   0.986485  0.970899   0.0
268  3.523626e-01   0.987221  0.970899   0.0
269  3.536774e-01   0.987708  0.970899   0.0
270  3.549922e-01   0.987773  0.970899   0.0
271  3.563070e-01   0.987919  0.970899   0.0
272  3.576218e-01   0.988060  0.972222   0.0
273  3.589365e-01   0.988471  0.972222   0.0
274  3.602513e-01   0.989216  0.972222   0.0
275  3.615661e-01   0.989386  0.970899   0.0
276  3.628809e-01   0.989254  0.970899   0.0
277  3.641957e-01   0.989802  0.969616   0.0
278  3.655105e-01   0.990247  0.969577   0.0
279  3.668253e-01   0.990328  0.969577   0.0
280  3.681400e-01   0.990657  0.969577   0.0
281  3.694548e-01   0.990628  0.969577   0.0
282  3.707696e-01   0.991056  0.970899   0.0
283  3.720844e-01   0.991243  0.969687   0.0
284  3.733992e-01   0.991497  0.969577   0.0
285  3.747140e-01   0.991781  0.969577   0.0
286  3.760288e-01   0.992117  0.969577   0.0
287  3.773435e-01   0.992177  0.969577   0.0
288  3.786583e-01   0.992186  0.969577   0.0
289  3.799731e-01   0.992303  0.969577   0.0
290  3.812879e-01   0.992282  0.969577   0.0
291  3.826027e-01   0.992351  0.969577   0.0
292  3.839175e-01   0.992330  0.970899   0.0
293  3.852323e-01   0.992406  0.972222   0.0
294  3.865470e-01   0.992520  0.972222   0.0
295  3.878618e-01   0.992589  0.972222   0.0
296  3.891766e-01   0.992674  0.972222   0.0
297  3.904914e-01   0.992776  0.972222   0.0
298  3.918062e-01   0.992877  0.970899   0.0
299  3.931210e-01   0.992829  0.972166   0.0
300  3.944358e-01   0.992776  0.970899   0.0
301  3.957505e-01   0.992860  0.970899   0.0
302  3.970653e-01   0.992984  0.970899   0.0
303  3.983801e-01   0.993081  0.970443   0.0
304  3.996949e-01   0.993183  0.969577   0.0
305  4.010097e-01   0.993183  0.969577   0.0
306  4.023245e-01   0.993183  0.968254   0.0
307  4.036393e-01   0.993416  0.968254   0.0
308  4.049540e-01   0.993567  0.967252   0.0
309  4.062688e-01   0.993651  0.966931   0.0
310  4.075836e-01   0.993624  0.966931   0.0
311  4.088984e-01   0.993739  0.966931   0.0
312  4.102132e-01   0.993725  0.966931   0.0
313  4.115280e-01   0.993590  0.966931   0.0
314  4.128428e-01   0.993590  0.966931   0.0
315  4.141575e-01   0.993590  0.966931   0.0
316  4.154723e-01   0.993590  0.966931   0.0
317  4.167871e-01   0.993590  0.966931   0.0
318  4.181019e-01   0.993590  0.966931   0.0
319  4.194167e-01   0.993590  0.966931   0.0
320  4.207315e-01   0.993590  0.966931   0.0
321  4.220463e-01   0.993633  0.966931   0.0
322  4.233610e-01   0.993691  0.966931   0.0
323  4.246758e-01   0.993667  0.966931   0.0
324  4.259906e-01   0.993594  0.966931   0.0
325  4.273054e-01   0.993590  0.966931   0.0
326  4.286202e-01   0.993590  0.966931   0.0
327  4.299350e-01   0.993590  0.966931   0.0
328  4.312498e-01   0.993690  0.966931   0.0
329  4.325645e-01   0.993617  0.966931   0.0
330  4.338793e-01   0.993691  0.966931   0.0
331  4.351941e-01   0.993664  0.966931   0.0
332  4.365089e-01   0.993670  0.966931   0.0
333  4.378237e-01   0.993793  0.966931   0.0
334  4.391385e-01   0.993719  0.966931   0.0
335  4.404533e-01   0.993691  0.966931   0.0
336  4.417680e-01   0.993691  0.966931   0.0
337  4.430828e-01   0.993793  0.966931   0.0
338  4.443976e-01   0.993793  0.966931   0.0
339  4.457124e-01   0.993629  0.966931   0.0
340  4.470272e-01   0.993691  0.966931   0.0
341  4.483420e-01   0.993726  0.966931   0.0
342  4.496568e-01   0.993793  0.966931   0.0
343  4.509715e-01   0.993793  0.966931   0.0
344  4.522863e-01   0.993793  0.966931   0.0
345  4.536011e-01   0.993793  0.966931   0.0
346  4.549159e-01   0.993793  0.966931   0.0
347  4.562307e-01   0.993793  0.966931   0.0
348  4.575455e-01   0.993793  0.966931   0.0
349  4.588603e-01   0.993793  0.966931   0.0
350  4.601750e-01   0.993793  0.966931   0.0
351  4.614898e-01   0.993793  0.966931   0.0
352  4.628046e-01   0.993793  0.966931   0.0
353  4.641194e-01   0.993793  0.966931   0.0
354  4.654342e-01   0.993793  0.966931   0.0
355  4.667490e-01   0.993793  0.966931   0.0
356  4.680638e-01   0.993793  0.966931   0.0
357  4.693785e-01   0.993793  0.966931   0.0
358  4.706933e-01   0.993793  0.966931   0.0
359  4.720081e-01   0.993793  0.966931   0.0
360  4.733229e-01   0.993793  0.966931   0.0
361  4.746377e-01   0.993793  0.966931   0.0
362  4.759525e-01   0.993793  0.966931   0.0
363  4.772673e-01   0.993793  0.966931   0.0
364  4.785820e-01   0.993793  0.966931   0.0
365  4.798968e-01   0.993793  0.966931   0.0
366  4.812116e-01   0.993793  0.966931   0.0
367  4.825264e-01   0.993793  0.966931   0.0
368  4.838412e-01   0.993673  0.966931   0.0
369  4.851560e-01   0.993592  0.966931   0.0
370  4.864708e-01   0.993590  0.966931   0.0
371  4.877856e-01   0.993590  0.966931   0.0
372  4.891003e-01   0.993590  0.966931   0.0
373  4.904151e-01   0.993590  0.966931   0.0
374  4.917299e-01   0.993600  0.966931   0.0
375  4.930447e-01   0.993626  0.966931   0.0
376  4.943595e-01   0.993652  0.966931   0.0
377  4.956743e-01   0.993677  0.966959   0.0
378  4.969891e-01   0.993691  0.967274   0.0
379  4.983038e-01   0.993691  0.967589   0.0
380  4.996186e-01   0.993691  0.967905   0.0
381  5.009334e-01   0.993691  0.968220   0.0
382  5.022482e-01   0.993691  0.968254   0.0
383  5.035630e-01   0.993691  0.968254   0.0
384  5.048778e-01   0.993691  0.968254   0.0
385  5.061926e-01   0.993691  0.968254   0.0
386  5.075073e-01   0.993691  0.968254   0.0
387  5.088221e-01   0.993691  0.968254   0.0
388  5.101369e-01   0.993691  0.968254   0.0
389  5.114517e-01   0.993691  0.968254   0.0
390  5.127665e-01   0.993691  0.968254   0.0
391  5.140813e-01   0.993691  0.968254   0.0
392  5.153961e-01   0.993691  0.968254   0.0
393  5.167108e-01   0.993691  0.968254   0.0
394  5.180256e-01   0.993691  0.968254   0.0
395  5.193404e-01   0.993691  0.968254   0.0
396  5.206552e-01   0.993691  0.968254   0.0
397  5.219700e-01   0.993691  0.968254   0.0
398  5.232848e-01   0.993691  0.968254   0.0
399  5.245996e-01   0.993691  0.968254   0.0
400  5.259143e-01   0.993691  0.968254   0.0
401  5.272291e-01   0.993691  0.968254   0.0
402  5.285439e-01   0.993707  0.968254   0.0
403  5.298587e-01   0.993733  0.968254   0.0
404  5.311735e-01   0.993759  0.968254   0.0
405  5.324883e-01   0.993785  0.968254   0.0
406  5.338031e-01   0.993793  0.968254   0.0
407  5.351178e-01   0.993793  0.968254   0.0
408  5.364326e-01   0.993793  0.968254   0.0
409  5.377474e-01   0.993796  0.968254   0.0
410  5.390622e-01   0.993820  0.968254   0.0
411  5.403770e-01   0.993845  0.968254   0.0
412  5.416918e-01   0.993870  0.968254   0.0
413  5.430066e-01   0.993894  0.968254   0.0
414  5.443213e-01   0.993895  0.968254   0.0
415  5.456361e-01   0.993895  0.968254   0.0
416  5.469509e-01   0.993919  0.968254   0.0
417  5.482657e-01   0.993947  0.968254   0.0
418  5.495805e-01   0.993974  0.968254   0.0
419  5.508953e-01   0.993987  0.968254   0.0
420  5.522101e-01   0.993967  0.968254   0.0
421  5.535248e-01   0.993947  0.968254   0.0
422  5.548396e-01   0.993967  0.968254   0.0
423  5.561544e-01   0.993990  0.968254   0.0
424  5.574692e-01   0.993997  0.968254   0.0
425  5.587840e-01   0.993997  0.968254   0.0
426  5.600988e-01   0.993997  0.968254   0.0
427  5.614136e-01   0.993997  0.968254   0.0
428  5.627283e-01   0.993997  0.968254   0.0
429  5.640431e-01   0.994014  0.968254   0.0
430  5.653579e-01   0.994054  0.968254   0.0
431  5.666727e-01   0.994093  0.968254   0.0
432  5.679875e-01   0.994101  0.968254   0.0
433  5.693023e-01   0.994127  0.968254   0.0
434  5.706171e-01   0.994169  0.968254   0.0
435  5.719318e-01   0.994247  0.968254   0.0
436  5.732466e-01   0.994321  0.968254   0.0
437  5.745614e-01   0.994373  0.968254   0.0
438  5.758762e-01   0.994415  0.968254   0.0
439  5.771910e-01   0.994443  0.968254   0.0
440  5.785058e-01   0.994469  0.968254   0.0
441  5.798206e-01   0.994495  0.968254   0.0
442  5.811353e-01   0.994484  0.968254   0.0
443  5.824501e-01   0.994458  0.968254   0.0
444  5.837649e-01   0.994436  0.968254   0.0
445  5.850797e-01   0.994397  0.968254   0.0
446  5.863945e-01   0.994382  0.968254   0.0
447  5.877093e-01   0.994331  0.968254   0.0
448  5.890241e-01   0.994302  0.968254   0.0
449  5.903388e-01   0.994302  0.968254   0.0
450  5.916536e-01   0.994302  0.968254   0.0
451  5.929684e-01   0.994302  0.968254   0.0
452  5.942832e-01   0.994302  0.968254   0.0
453  5.955980e-01   0.994302  0.968254   0.0
454  5.969128e-01   0.994302  0.968254   0.0
455  5.982276e-01   0.994302  0.968254   0.0
456  5.995423e-01   0.994302  0.968254   0.0
457  6.008571e-01   0.994302  0.968254   0.0
458  6.021719e-01   0.994318  0.968254   0.0
459  6.034867e-01   0.994343  0.968254   0.0
460  6.048015e-01   0.994392  0.968254   0.0
461  6.061163e-01   0.994473  0.968254   0.0
462  6.074311e-01   0.994540  0.968254   0.0
463  6.087458e-01   0.994592  0.968254   0.0
464  6.100606e-01   0.994607  0.968254   0.0
465  6.113754e-01   0.994607  0.968254   0.0
466  6.126902e-01   0.994607  0.968254   0.0
467  6.140050e-01   0.994607  0.968254   0.0
468  6.153198e-01   0.994607  0.968254   0.0
469  6.166346e-01   0.994607  0.968254   0.0
470  6.179493e-01   0.994607  0.968412   0.0
471  6.192641e-01   0.994607  0.968813   0.0
472  6.205789e-01   0.994607  0.969215   0.0
473  6.218937e-01   0.994607  0.969577   0.0
474  6.232085e-01   0.994607  0.969577   0.0
475  6.245233e-01   0.994607  0.969577   0.0
476  6.258381e-01   0.994641  0.969577   0.0
477  6.271528e-01   0.994683  0.969577   0.0
478  6.284676e-01   0.994709  0.969577   0.0
479  6.297824e-01   0.994709  0.969577   0.0
480  6.310972e-01   0.994709  0.969577   0.0
481  6.324120e-01   0.994709  0.969577   0.0
482  6.337268e-01   0.994709  0.969577   0.0
483  6.350416e-01   0.994709  0.969577   0.0
484  6.363563e-01   0.994709  0.969577   0.0
485  6.376711e-01   0.994709  0.969577   0.0
486  6.389859e-01   0.994709  0.969577   0.0
487  6.403007e-01   0.994709  0.969577   0.0
488  6.416155e-01   0.994686  0.969577   0.0
489  6.429303e-01   0.994657  0.969577   0.0
490  6.442451e-01   0.994629  0.969577   0.0
491  6.455598e-01   0.994607  0.969577   0.0
492  6.468746e-01   0.994607  0.969577   0.0
493  6.481894e-01   0.994607  0.969577   0.0
494  6.495042e-01   0.994607  0.969577   0.0
495  6.508190e-01   0.994607  0.969577   0.0
496  6.521338e-01   0.994607  0.969577   0.0
497  6.534486e-01   0.994607  0.969577   0.0
498  6.547633e-01   0.994607  0.969577   0.0
499  6.560781e-01   0.994607  0.969577   0.0
avg_var_sel_2_results
     runtime_frac  cross_acc  true_acc  diff
0    2.046424e-07   0.716485  0.671158   0.0
1    1.314990e-03   0.764648  0.746983   0.0
2    2.629776e-03   0.773899  0.759483   0.0
3    3.944561e-03   0.780553  0.786864   0.0
4    5.259346e-03   0.789397  0.802125   0.0
5    6.574132e-03   0.799906  0.813515   0.0
6    7.888917e-03   0.807361  0.825038   0.0
7    9.203703e-03   0.815543  0.828640   0.0
8    1.051849e-02   0.822717  0.836832   0.0
9    1.183327e-02   0.828770  0.845806   0.0
10   1.314806e-02   0.829939  0.845224   0.0
11   1.446284e-02   0.831780  0.852364   0.0
12   1.577763e-02   0.832646  0.863541   0.0
13   1.709242e-02   0.836282  0.874523   0.0
14   1.840720e-02   0.843857  0.876804   0.0
15   1.972199e-02   0.848030  0.880108   0.0
16   2.103677e-02   0.850687  0.887316   0.0
17   2.235156e-02   0.852539  0.892021   0.0
18   2.366634e-02   0.854224  0.899731   0.0
19   2.498113e-02   0.858259  0.902280   0.0
20   2.629591e-02   0.862048  0.905242   0.0
21   2.761070e-02   0.864519  0.901371   0.0
22   2.892548e-02   0.867687  0.897311   0.0
23   3.024027e-02   0.871557  0.895207   0.0
24   3.155506e-02   0.874145  0.895890   0.0
25   3.286984e-02   0.874612  0.897930   0.0
26   3.418463e-02   0.876698  0.898613   0.0
27   3.549941e-02   0.878152  0.898498   0.0
28   3.681420e-02   0.878880  0.904315   0.0
29   3.812898e-02   0.880336  0.903658   0.0
30   3.944377e-02   0.880831  0.903824   0.0
31   4.075855e-02   0.881712  0.901935   0.0
32   4.207334e-02   0.884158  0.901229   0.0
33   4.338812e-02   0.885370  0.900827   0.0
34   4.470291e-02   0.885720  0.907124   0.0
35   4.601769e-02   0.885304  0.909164   0.0
36   4.733248e-02   0.884181  0.909927   0.0
37   4.864727e-02   0.884213  0.912720   0.0
38   4.996205e-02   0.884700  0.917376   0.0
39   5.127684e-02   0.884488  0.920050   0.0
40   5.259162e-02   0.882643  0.922623   0.0
41   5.390641e-02   0.882981  0.922233   0.0
42   5.522119e-02   0.884519  0.923622   0.0
43   5.653598e-02   0.884975  0.923444   0.0
44   5.785076e-02   0.885548  0.923503   0.0
45   5.916555e-02   0.887249  0.925051   0.0
46   6.048033e-02   0.886604  0.925530   0.0
47   6.179512e-02   0.885493  0.925145   0.0
48   6.310991e-02   0.885057  0.925263   0.0
49   6.442469e-02   0.884966  0.922911   0.0
50   6.573948e-02   0.885945  0.920556   0.0
51   6.705426e-02   0.887936  0.922786   0.0
52   6.836905e-02   0.890009  0.924668   0.0
53   6.968383e-02   0.890578  0.922202   0.0
54   7.099862e-02   0.890724  0.920741   0.0
55   7.231340e-02   0.891215  0.920270   0.0
56   7.362819e-02   0.891716  0.920498   0.0
57   7.494297e-02   0.892610  0.920934   0.0
58   7.625776e-02   0.894850  0.922665   0.0
59   7.757255e-02   0.896888  0.924485   0.0
60   7.888733e-02   0.897800  0.927252   0.0
61   8.020212e-02   0.898768  0.929290   0.0
62   8.151690e-02   0.899734  0.929244   0.0
63   8.283169e-02   0.900104  0.929903   0.0
64   8.414647e-02   0.900328  0.928621   0.0
65   8.546126e-02   0.901191  0.927546   0.0
66   8.677604e-02   0.901719  0.927887   0.0
67   8.809083e-02   0.902399  0.928052   0.0
68   8.940561e-02   0.904031  0.930231   0.0
69   9.072040e-02   0.905214  0.931515   0.0
70   9.203518e-02   0.906748  0.933178   0.0
71   9.334997e-02   0.907915  0.933392   0.0
72   9.466476e-02   0.909340  0.933018   0.0
73   9.597954e-02   0.910087  0.932570   0.0
74   9.729433e-02   0.910641  0.933467   0.0
75   9.860911e-02   0.911354  0.935267   0.0
76   9.992390e-02   0.911804  0.935398   0.0
77   1.012387e-01   0.912457  0.935306   0.0
78   1.025535e-01   0.913666  0.937185   0.0
79   1.038683e-01   0.914286  0.939019   0.0
80   1.051830e-01   0.915000  0.940921   0.0
81   1.064978e-01   0.915916  0.943000   0.0
82   1.078126e-01   0.916855  0.943485   0.0
83   1.091274e-01   0.917371  0.941765   0.0
84   1.104422e-01   0.917515  0.940443   0.0
85   1.117570e-01   0.917749  0.940198   0.0
86   1.130718e-01   0.918319  0.940385   0.0
87   1.143865e-01   0.918621  0.940481   0.0
88   1.157013e-01   0.919326  0.940533   0.0
89   1.170161e-01   0.920361  0.939920   0.0
90   1.183309e-01   0.920626  0.940013   0.0
91   1.196457e-01   0.921330  0.938785   0.0
92   1.209605e-01   0.922273  0.936946   0.0
93   1.222752e-01   0.923438  0.939937   0.0
94   1.235900e-01   0.924546  0.941388   0.0
95   1.249048e-01   0.925261  0.939333   0.0
96   1.262196e-01   0.925189  0.939368   0.0
97   1.275344e-01   0.925482  0.938082   0.0
98   1.288492e-01   0.925789  0.939343   0.0
99   1.301640e-01   0.926125  0.943225   0.0
100  1.314787e-01   0.926804  0.944722   0.0
101  1.327935e-01   0.927876  0.946742   0.0
102  1.341083e-01   0.928157  0.946174   0.0
103  1.354231e-01   0.928845  0.945767   0.0
104  1.367379e-01   0.929176  0.945411   0.0
105  1.380527e-01   0.929931  0.944673   0.0
106  1.393675e-01   0.930840  0.946140   0.0
107  1.406822e-01   0.931827  0.945876   0.0
108  1.419970e-01   0.932689  0.944865   0.0
109  1.433118e-01   0.933353  0.945220   0.0
110  1.446266e-01   0.933693  0.945820   0.0
111  1.459414e-01   0.933522  0.945904   0.0
112  1.472562e-01   0.933742  0.945883   0.0
113  1.485710e-01   0.934255  0.945040   0.0
114  1.498857e-01   0.935125  0.944183   0.0
115  1.512005e-01   0.936460  0.944476   0.0
116  1.525153e-01   0.937705  0.944080   0.0
117  1.538301e-01   0.938303  0.942707   0.0
118  1.551449e-01   0.939356  0.942161   0.0
119  1.564597e-01   0.939904  0.940677   0.0
120  1.577745e-01   0.939971  0.942533   0.0
121  1.590892e-01   0.940931  0.943789   0.0
122  1.604040e-01   0.942347  0.943785   0.0
123  1.617188e-01   0.943318  0.943452   0.0
124  1.630336e-01   0.943632  0.944353   0.0
125  1.643484e-01   0.944418  0.945697   0.0
126  1.656632e-01   0.944803  0.947738   0.0
127  1.669780e-01   0.946131  0.949272   0.0
128  1.682927e-01   0.947345  0.948925   0.0
129  1.696075e-01   0.948941  0.949011   0.0
130  1.709223e-01   0.950328  0.950237   0.0
131  1.722371e-01   0.951988  0.950369   0.0
132  1.735519e-01   0.953275  0.948000   0.0
133  1.748667e-01   0.954097  0.947014   0.0
134  1.761815e-01   0.953841  0.945273   0.0
135  1.774962e-01   0.953841  0.946860   0.0
136  1.788110e-01   0.954324  0.948349   0.0
137  1.801258e-01   0.955563  0.950324   0.0
138  1.814406e-01   0.956685  0.951303   0.0
139  1.827554e-01   0.956989  0.950852   0.0
140  1.840702e-01   0.957206  0.951373   0.0
141  1.853850e-01   0.957879  0.951078   0.0
142  1.866997e-01   0.958684  0.950587   0.0
143  1.880145e-01   0.960169  0.948960   0.0
144  1.893293e-01   0.961067  0.950133   0.0
145  1.906441e-01   0.961311  0.953527   0.0
146  1.919589e-01   0.961631  0.957135   0.0
147  1.932737e-01   0.962489  0.957877   0.0
148  1.945884e-01   0.962946  0.957329   0.0
149  1.959032e-01   0.962892  0.956450   0.0
150  1.972180e-01   0.962871  0.954124   0.0
151  1.985328e-01   0.963327  0.953704   0.0
152  1.998476e-01   0.963635  0.954918   0.0
153  2.011624e-01   0.964235  0.956934   0.0
154  2.024772e-01   0.964748  0.958047   0.0
155  2.037919e-01   0.965611  0.959550   0.0
156  2.051067e-01   0.965394  0.960317   0.0
157  2.064215e-01   0.965229  0.962314   0.0
158  2.077363e-01   0.965605  0.960873   0.0
159  2.090511e-01   0.965782  0.959510   0.0
160  2.103659e-01   0.965362  0.958838   0.0
161  2.116807e-01   0.966034  0.959641   0.0
162  2.129954e-01   0.967166  0.960557   0.0
163  2.143102e-01   0.967830  0.961709   0.0
164  2.156250e-01   0.968711  0.961830   0.0
165  2.169398e-01   0.968948  0.962398   0.0
166  2.182546e-01   0.968863  0.960079   0.0
167  2.195694e-01   0.969477  0.960514   0.0
168  2.208842e-01   0.969183  0.962633   0.0
169  2.221989e-01   0.968479  0.961880   0.0
170  2.235137e-01   0.967540  0.961176   0.0
171  2.248285e-01   0.967113  0.961756   0.0
172  2.261433e-01   0.967052  0.962517   0.0
173  2.274581e-01   0.967747  0.962114   0.0
174  2.287729e-01   0.968208  0.962181   0.0
175  2.300877e-01   0.968863  0.962073   0.0
176  2.314024e-01   0.969774  0.963104   0.0
177  2.327172e-01   0.969422  0.964378   0.0
178  2.340320e-01   0.969550  0.964448   0.0
179  2.353468e-01   0.970677  0.964451   0.0
180  2.366616e-01   0.971125  0.963276   0.0
181  2.379764e-01   0.970993  0.965075   0.0
182  2.392912e-01   0.970609  0.968254   0.0
183  2.406059e-01   0.971539  0.970009   0.0
184  2.419207e-01   0.971695  0.971453   0.0
185  2.432355e-01   0.971645  0.972222   0.0
186  2.445503e-01   0.971885  0.972218   0.0
187  2.458651e-01   0.972438  0.971173   0.0
188  2.471799e-01   0.972132  0.972716   0.0
189  2.484947e-01   0.971943  0.973545   0.0
190  2.498094e-01   0.972342  0.973285   0.0
191  2.511242e-01   0.972689  0.971564   0.0
192  2.524390e-01   0.973221  0.970899   0.0
193  2.537538e-01   0.973781  0.971005   0.0
194  2.550686e-01   0.974093  0.972222   0.0
195  2.563834e-01   0.974225  0.971829   0.0
196  2.576981e-01   0.974908  0.969699   0.0
197  2.590129e-01   0.975629  0.968518   0.0
198  2.603277e-01   0.976325  0.970016   0.0
199  2.616425e-01   0.976776  0.969792   0.0
200  2.629573e-01   0.976660  0.969754   0.0
201  2.642721e-01   0.976490  0.971975   0.0
202  2.655869e-01   0.977433  0.973205   0.0
203  2.669016e-01   0.977850  0.972121   0.0
204  2.682164e-01   0.977822  0.971471   0.0
205  2.695312e-01   0.978393  0.972222   0.0
206  2.708460e-01   0.978782  0.972222   0.0
207  2.721608e-01   0.978629  0.972621   0.0
208  2.734756e-01   0.978869  0.973545   0.0
209  2.747904e-01   0.979564  0.971908   0.0
210  2.761051e-01   0.980610  0.970899   0.0
211  2.774199e-01   0.981183  0.970899   0.0
212  2.787347e-01   0.981140  0.970899   0.0
213  2.800495e-01   0.981316  0.972168   0.0
214  2.813643e-01   0.980665  0.974752   0.0
215  2.826791e-01   0.981263  0.974763   0.0
216  2.839939e-01   0.981726  0.975020   0.0
217  2.853086e-01   0.982115  0.974868   0.0
218  2.866234e-01   0.981929  0.974113   0.0
219  2.879382e-01   0.982144  0.974488   0.0
220  2.892530e-01   0.982882  0.974868   0.0
221  2.905678e-01   0.983515  0.974119   0.0
222  2.918826e-01   0.983675  0.974579   0.0
223  2.931974e-01   0.983854  0.974703   0.0
224  2.945121e-01   0.983547  0.973545   0.0
225  2.958269e-01   0.983567  0.973545   0.0
226  2.971417e-01   0.984268  0.973149   0.0
227  2.984565e-01   0.984675  0.972222   0.0
228  2.997713e-01   0.985917  0.974226   0.0
229  3.010861e-01   0.986201  0.973348   0.0
230  3.024009e-01   0.986238  0.972509   0.0
231  3.037156e-01   0.985887  0.972222   0.0
232  3.050304e-01   0.986251  0.972222   0.0
233  3.063452e-01   0.986412  0.972222   0.0
234  3.076600e-01   0.986666  0.972222   0.0
235  3.089748e-01   0.987253  0.972437   0.0
236  3.102896e-01   0.987451  0.975277   0.0
237  3.116044e-01   0.987950  0.976190   0.0
238  3.129191e-01   0.988125  0.974830   0.0
239  3.142339e-01   0.988790  0.973545   0.0
240  3.155487e-01   0.988679  0.972773   0.0
241  3.168635e-01   0.989091  0.972222   0.0
242  3.181783e-01   0.989579  0.973545   0.0
243  3.194931e-01   0.989697  0.973545   0.0
244  3.208079e-01   0.989904  0.973545   0.0
245  3.221226e-01   0.989868  0.974672   0.0
246  3.234374e-01   0.989654  0.975956   0.0
247  3.247522e-01   0.990389  0.974868   0.0
248  3.260670e-01   0.990505  0.975177   0.0
249  3.273818e-01   0.990793  0.976190   0.0
250  3.286966e-01   0.990954  0.974868   0.0
251  3.300113e-01   0.991206  0.972595   0.0
252  3.313261e-01   0.991197  0.970899   0.0
253  3.326409e-01   0.991421  0.969770   0.0
254  3.339557e-01   0.991368  0.969577   0.0
255  3.352705e-01   0.991500  0.969577   0.0
256  3.365853e-01   0.991200  0.968821   0.0
257  3.379001e-01   0.991580  0.968254   0.0
258  3.392148e-01   0.992280  0.969515   0.0
259  3.405296e-01   0.992292  0.968254   0.0
260  3.418444e-01   0.992209  0.968254   0.0
261  3.431592e-01   0.992449  0.968254   0.0
262  3.444740e-01   0.992548  0.968254   0.0
263  3.457888e-01   0.992780  0.968254   0.0
264  3.471036e-01   0.993045  0.968254   0.0
265  3.484183e-01   0.993242  0.968254   0.0
266  3.497331e-01   0.993424  0.968143   0.0
267  3.510479e-01   0.993345  0.968254   0.0
268  3.523627e-01   0.993523  0.968254   0.0
269  3.536775e-01   0.993880  0.968254   0.0
270  3.549923e-01   0.994146  0.968254   0.0
271  3.563071e-01   0.994434  0.968254   0.0
272  3.576218e-01   0.994663  0.968254   0.0
273  3.589366e-01   0.994542  0.967337   0.0
274  3.602514e-01   0.994282  0.966931   0.0
275  3.615662e-01   0.994314  0.966931   0.0
276  3.628810e-01   0.994534  0.966503   0.0
277  3.641958e-01   0.994767  0.966670   0.0
278  3.655106e-01   0.994888  0.965608   0.0
279  3.668253e-01   0.994928  0.965608   0.0
280  3.681401e-01   0.994818  0.965608   0.0
281  3.694549e-01   0.994959  0.965608   0.0
282  3.707697e-01   0.994935  0.965428   0.0
283  3.720845e-01   0.995116  0.964286   0.0
284  3.733993e-01   0.994905  0.964806   0.0
285  3.747141e-01   0.995059  0.966931   0.0
286  3.760288e-01   0.995136  0.966931   0.0
287  3.773436e-01   0.995214  0.966931   0.0
288  3.786584e-01   0.995374  0.966931   0.0
289  3.799732e-01   0.995280  0.966931   0.0
290  3.812880e-01   0.995154  0.966931   0.0
291  3.826028e-01   0.995129  0.966931   0.0
292  3.839176e-01   0.995205  0.966931   0.0
293  3.852323e-01   0.995182  0.967633   0.0
294  3.865471e-01   0.994956  0.969577   0.0
295  3.878619e-01   0.995000  0.969577   0.0
296  3.891767e-01   0.995014  0.969577   0.0
297  3.904915e-01   0.995116  0.968254   0.0
298  3.918063e-01   0.995116  0.968491   0.0
299  3.931210e-01   0.995110  0.968254   0.0
300  3.944358e-01   0.994985  0.968254   0.0
301  3.957506e-01   0.994912  0.968254   0.0
302  3.970654e-01   0.994941  0.968254   0.0
303  3.983802e-01   0.995014  0.968254   0.0
304  3.996950e-01   0.995014  0.967355   0.0
305  4.010098e-01   0.995014  0.966931   0.0
306  4.023245e-01   0.995001  0.966300   0.0
307  4.036393e-01   0.994938  0.965286   0.0
308  4.049541e-01   0.994912  0.964446   0.0
309  4.062689e-01   0.994912  0.964286   0.0
310  4.075837e-01   0.994912  0.964286   0.0
311  4.088985e-01   0.994956  0.964286   0.0
312  4.102133e-01   0.994983  0.964286   0.0
313  4.115280e-01   0.994955  0.964286   0.0
314  4.128428e-01   0.994927  0.964286   0.0
315  4.141576e-01   0.994912  0.964286   0.0
316  4.154724e-01   0.994966  0.964286   0.0
317  4.167872e-01   0.995014  0.964286   0.0
318  4.181020e-01   0.995014  0.964286   0.0
319  4.194168e-01   0.995014  0.964286   0.0
320  4.207315e-01   0.995014  0.964286   0.0
321  4.220463e-01   0.995014  0.964286   0.0
322  4.233611e-01   0.995014  0.964286   0.0
323  4.246759e-01   0.995014  0.964286   0.0
324  4.259907e-01   0.995014  0.964286   0.0
325  4.273055e-01   0.995014  0.964286   0.0
326  4.286203e-01   0.995014  0.964286   0.0
327  4.299350e-01   0.995014  0.964286   0.0
328  4.312498e-01   0.995014  0.964286   0.0
329  4.325646e-01   0.995014  0.964286   0.0
330  4.338794e-01   0.995005  0.964404   0.0
331  4.351942e-01   0.994982  0.964699   0.0
332  4.365090e-01   0.994960  0.964995   0.0
333  4.378238e-01   0.994937  0.965290   0.0
334  4.391385e-01   0.994914  0.965585   0.0
335  4.404533e-01   0.994912  0.965608   0.0
336  4.417681e-01   0.994912  0.965608   0.0
337  4.430829e-01   0.994912  0.965608   0.0
338  4.443977e-01   0.994912  0.965608   0.0
339  4.457125e-01   0.994912  0.965608   0.0
340  4.470273e-01   0.994912  0.965608   0.0
341  4.483420e-01   0.994912  0.965608   0.0
342  4.496568e-01   0.994912  0.965608   0.0
343  4.509716e-01   0.994912  0.965608   0.0
344  4.522864e-01   0.994912  0.965608   0.0
345  4.536012e-01   0.994912  0.965608   0.0
346  4.549160e-01   0.994912  0.965608   0.0
347  4.562307e-01   0.994811  0.965608   0.0
348  4.575455e-01   0.994811  0.965608   0.0
349  4.588603e-01   0.994811  0.965608   0.0
350  4.601751e-01   0.994811  0.965608   0.0
351  4.614899e-01   0.994811  0.965608   0.0
352  4.628047e-01   0.994811  0.965608   0.0
353  4.641195e-01   0.994811  0.965608   0.0
354  4.654342e-01   0.994811  0.965608   0.0
355  4.667490e-01   0.994811  0.965608   0.0
356  4.680638e-01   0.994811  0.965608   0.0
357  4.693786e-01   0.994811  0.965608   0.0
358  4.706934e-01   0.994811  0.965608   0.0
359  4.720082e-01   0.994811  0.965608   0.0
360  4.733230e-01   0.994811  0.965608   0.0
361  4.746377e-01   0.994811  0.965608   0.0
362  4.759525e-01   0.994811  0.965608   0.0
363  4.772673e-01   0.994811  0.965608   0.0
364  4.785821e-01   0.994811  0.965710   0.0
365  4.798969e-01   0.994811  0.966013   0.0
366  4.812117e-01   0.994811  0.966317   0.0
367  4.825265e-01   0.994811  0.966620   0.0
368  4.838412e-01   0.994811  0.966924   0.0
369  4.851560e-01   0.994800  0.966931   0.0
370  4.864708e-01   0.994777  0.966931   0.0
371  4.877856e-01   0.994753  0.966931   0.0
372  4.891004e-01   0.994730  0.966931   0.0
373  4.904152e-01   0.994709  0.966931   0.0
374  4.917300e-01   0.994615  0.966931   0.0
375  4.930447e-01   0.994607  0.966931   0.0
376  4.943595e-01   0.994607  0.966931   0.0
377  4.956743e-01   0.994607  0.966931   0.0
378  4.969891e-01   0.994607  0.966931   0.0
379  4.983039e-01   0.994567  0.967031   0.0
380  4.996187e-01   0.994505  0.967346   0.0
381  5.009335e-01   0.994505  0.967661   0.0
382  5.022482e-01   0.994505  0.967976   0.0
383  5.035630e-01   0.994505  0.968254   0.0
384  5.048778e-01   0.994505  0.968254   0.0
385  5.061926e-01   0.994505  0.968254   0.0
386  5.075074e-01   0.994505  0.968254   0.0
387  5.088222e-01   0.994505  0.968254   0.0
388  5.101370e-01   0.994505  0.968254   0.0
389  5.114517e-01   0.994505  0.968254   0.0
390  5.127665e-01   0.994505  0.968254   0.0
391  5.140813e-01   0.994505  0.968254   0.0
392  5.153961e-01   0.994505  0.968254   0.0
393  5.167109e-01   0.994505  0.968254   0.0
394  5.180257e-01   0.994505  0.968254   0.0
395  5.193405e-01   0.994505  0.968254   0.0
396  5.206552e-01   0.994505  0.968254   0.0
397  5.219700e-01   0.994468  0.968254   0.0
398  5.232848e-01   0.994430  0.968254   0.0
399  5.245996e-01   0.994404  0.968254   0.0
400  5.259144e-01   0.994404  0.968254   0.0
401  5.272292e-01   0.994404  0.968254   0.0
402  5.285439e-01   0.994404  0.968254   0.0
403  5.298587e-01   0.994404  0.968254   0.0
404  5.311735e-01   0.994404  0.968254   0.0
405  5.324883e-01   0.994419  0.968254   0.0
406  5.338031e-01   0.994445  0.968254   0.0
407  5.351179e-01   0.994471  0.968254   0.0
408  5.364327e-01   0.994497  0.968254   0.0
409  5.377474e-01   0.994505  0.968254   0.0
410  5.390622e-01   0.994505  0.968254   0.0
411  5.403770e-01   0.994505  0.968254   0.0
412  5.416918e-01   0.994523  0.968254   0.0
413  5.430066e-01   0.994548  0.968254   0.0
414  5.443214e-01   0.994573  0.968254   0.0
415  5.456362e-01   0.994597  0.968254   0.0
416  5.469509e-01   0.994607  0.968254   0.0
417  5.482657e-01   0.994609  0.968254   0.0
418  5.495805e-01   0.994636  0.968254   0.0
419  5.508953e-01   0.994664  0.968254   0.0
420  5.522101e-01   0.994691  0.968254   0.0
421  5.535249e-01   0.994709  0.968254   0.0
422  5.548397e-01   0.994709  0.968254   0.0
423  5.561544e-01   0.994709  0.968254   0.0
424  5.574692e-01   0.994709  0.968254   0.0
425  5.587840e-01   0.994709  0.968254   0.0
426  5.600988e-01   0.994709  0.968254   0.0
427  5.614136e-01   0.994709  0.968254   0.0
428  5.627284e-01   0.994709  0.968254   0.0
429  5.640432e-01   0.994726  0.968254   0.0
430  5.653579e-01   0.994769  0.968254   0.0
431  5.666727e-01   0.994811  0.968254   0.0
432  5.679875e-01   0.994811  0.968254   0.0
433  5.693023e-01   0.994811  0.968254   0.0
434  5.706171e-01   0.994811  0.968254   0.0
435  5.719319e-01   0.994811  0.968254   0.0
436  5.732467e-01   0.994811  0.968254   0.0
437  5.745614e-01   0.994811  0.968254   0.0
438  5.758762e-01   0.994788  0.968254   0.0
439  5.771910e-01   0.994763  0.968254   0.0
440  5.785058e-01   0.994738  0.968254   0.0
441  5.798206e-01   0.994688  0.968254   0.0
442  5.811354e-01   0.994657  0.968254   0.0
443  5.824502e-01   0.994631  0.968254   0.0
444  5.837649e-01   0.994586  0.968254   0.0
445  5.850797e-01   0.994557  0.968254   0.0
446  5.863945e-01   0.994544  0.968254   0.0
447  5.877093e-01   0.994529  0.968254   0.0
448  5.890241e-01   0.994505  0.968254   0.0
449  5.903389e-01   0.994505  0.968254   0.0
450  5.916536e-01   0.994505  0.968254   0.0
451  5.929684e-01   0.994505  0.968254   0.0
452  5.942832e-01   0.994505  0.968254   0.0
453  5.955980e-01   0.994505  0.968254   0.0
454  5.969128e-01   0.994505  0.968254   0.0
455  5.982276e-01   0.994505  0.968254   0.0
456  5.995424e-01   0.994505  0.968254   0.0
457  6.008571e-01   0.994515  0.968254   0.0
458  6.021719e-01   0.994540  0.968254   0.0
459  6.034867e-01   0.994576  0.968254   0.0
460  6.048015e-01   0.994624  0.968254   0.0
461  6.061163e-01   0.994665  0.968254   0.0
462  6.074311e-01   0.994689  0.968254   0.0
463  6.087459e-01   0.994709  0.968254   0.0
464  6.100606e-01   0.994709  0.968254   0.0
465  6.113754e-01   0.994709  0.968254   0.0
466  6.126902e-01   0.994709  0.968254   0.0
467  6.140050e-01   0.994709  0.968254   0.0
468  6.153198e-01   0.994709  0.968254   0.0
469  6.166346e-01   0.994709  0.968254   0.0
470  6.179494e-01   0.994709  0.968412   0.0
471  6.192641e-01   0.994709  0.968813   0.0
472  6.205789e-01   0.994709  0.969215   0.0
473  6.218937e-01   0.994709  0.969577   0.0
474  6.232085e-01   0.994709  0.969577   0.0
475  6.245233e-01   0.994709  0.969577   0.0
476  6.258381e-01   0.994709  0.969577   0.0
477  6.271529e-01   0.994709  0.969577   0.0
478  6.284676e-01   0.994709  0.969577   0.0
479  6.297824e-01   0.994709  0.969577   0.0
480  6.310972e-01   0.994709  0.969577   0.0
481  6.324120e-01   0.994709  0.969577   0.0
482  6.337268e-01   0.994709  0.969577   0.0
483  6.350416e-01   0.994709  0.969577   0.0
484  6.363564e-01   0.994709  0.969577   0.0
485  6.376711e-01   0.994709  0.969577   0.0
486  6.389859e-01   0.994709  0.969577   0.0
487  6.403007e-01   0.994709  0.969577   0.0
488  6.416155e-01   0.994686  0.969577   0.0
489  6.429303e-01   0.994657  0.969577   0.0
490  6.442451e-01   0.994629  0.969577   0.0
491  6.455599e-01   0.994607  0.969577   0.0
492  6.468746e-01   0.994607  0.969577   0.0
493  6.481894e-01   0.994607  0.969577   0.0
494  6.495042e-01   0.994607  0.969577   0.0
495  6.508190e-01   0.994607  0.969577   0.0
496  6.521338e-01   0.994607  0.969577   0.0
497  6.534486e-01   0.994607  0.969577   0.0
498  6.547634e-01   0.994607  0.969577   0.0
499  6.560781e-01   0.994607  0.969577   0.0