avg_timeout_results
     runtime_frac  cross_acc  true_acc         diff
0        0.000592   0.000046  0.000016  6802.910032
1        0.001904   0.461455  0.271467  5293.199810
2        0.003217   0.830860  0.508191  3967.871434
3        0.004530   0.929523  0.629630  1427.088270
4        0.005843   0.983128  0.685185   229.913881
5        0.007156   0.990285  0.703704   172.127387
6        0.008469   0.991084  0.759259   182.539650
7        0.009782   0.992877  0.796296   136.843872
8        0.011095   0.994302  0.801418   160.774310
9        0.012408   0.988861  0.814815   181.512163
10       0.013721   0.991453  0.814815   175.897624
11       0.015033   0.991426  0.814815   189.391539
12       0.016346   0.989229  0.835000   185.512455
13       0.017659   0.990524  0.851852   148.312268
14       0.018972   0.991453  0.888889   146.761814
15       0.020285   0.991798  0.851852   138.534890
16       0.021598   0.995726  0.851852   115.481665
17       0.022911   0.996538  0.888175    95.891693
18       0.024224   0.998575  0.851852    58.085505
19       0.025537   0.999845  0.869202    61.087708
20       0.026850   0.998669  0.888889    58.830627
21       0.028163   0.999482  0.888889    46.548363
22       0.029475   0.999352  0.875635    44.197884
23       0.030788   0.997758  0.873164    36.531513
24       0.032101   0.999247  0.907407    28.562871
25       0.033414   1.000000  0.907407    30.913420
26       0.034727   0.998576  0.870370    30.005546
27       0.036040   1.000000  0.870370    33.404582
28       0.037353   0.998886  0.879577    44.020037
29       0.038666   0.998648  0.870370    36.638352
30       0.039979   1.000000  0.884763    35.415563
31       0.041292   1.000000  0.888889    49.211932
32       0.042604   0.997677  0.888889    46.278539
33       0.043917   1.000000  0.904254    48.560202
34       0.045230   0.998944  0.914703    51.526627
35       0.046543   1.000000  0.925275    49.798558
36       0.047856   0.999602  0.914295    57.077935
37       0.049169   0.999424  0.900686    59.432112
38       0.050482   0.998987  0.920667    52.526665
39       0.051795   0.998575  0.907520    44.792480
40       0.053108   0.998539  0.892312    35.626970
41       0.054421   0.999943  0.908146    31.150240
42       0.055734   0.998968  0.925926    25.147744
43       0.057046   1.000000  0.909107    25.475678
44       0.058359   0.999979  0.888889    25.430040
45       0.059672   0.998666  0.888889    26.935677
46       0.060985   0.998575  0.888889    21.005323
47       0.062298   0.999470  0.900519    17.349055
48       0.063611   1.000000  0.907407    14.905860
49       0.064924   1.000000  0.907407    13.313606
50       0.066237   1.000000  0.907407    17.279058
51       0.067550   0.999858  0.907407    16.834958
52       0.068863   0.998612  0.907407    13.915271
53       0.070175   0.997263  0.907407    19.556131
54       0.071488   0.998785  0.907407    17.849499
55       0.072801   0.999403  0.907407    14.631489
56       0.074114   0.998575  0.904002    16.709715
57       0.075427   0.998575  0.903789    22.910969
58       0.076740   0.997518  0.896547    21.636668
59       0.078053   0.998877  0.875626    22.380841
60       0.079366   0.999713  0.879317    22.453095
61       0.080679   0.998727  0.884917    24.179521
62       0.081992   0.999425  0.871952    23.430102
63       0.083304   1.000000  0.870370    19.201373
64       0.084617   1.000000  0.870370    17.420778
65       0.085930   1.000000  0.870370    20.141472
66       0.087243   0.999261  0.870370    20.046392
67       0.088556   0.998818  0.870370    17.987341
68       0.089869   0.999625  0.870370    23.416331
69       0.091182   0.999585  0.870370    26.104352
70       0.092495   0.998658  0.870370    24.903869
71       0.093808   0.999464  0.870370    19.083821
72       0.095121   1.000000  0.870370    12.802415
73       0.096434   1.000000  0.870370    11.660043
74       0.097746   0.998630  0.870370    12.601138
75       0.099059   0.997534  0.870370    13.535988
76       0.100372   0.999247  0.870370    13.804136
77       0.101685   1.000000  0.870370    13.153117
78       0.102998   1.000000  0.870370    11.427885
79       0.104311   0.999057  0.894894    13.720814
80       0.105624   0.998975  0.907407    13.448576
81       0.106937   0.999653  0.907407    11.402217
82       0.108250   0.999552  0.901578    11.843270
83       0.109563   0.998498  0.889643    12.582950
84       0.110875   0.998577  0.899528    13.876569
85       0.112188   0.998663  0.904082    14.738123
86       0.113501   0.999461  0.893221    12.823068
87       0.114814   1.000000  0.894253    11.681145
88       0.116127   1.000000  0.903176    12.053778
89       0.117440   1.000000  0.898703    12.297815
90       0.118753   1.000000  0.882147    12.460040
91       0.120066   0.999801  0.875708    12.618980
92       0.121379   0.999195  0.894198    12.762275
93       0.122692   0.998381  0.902028    12.931452
94       0.124005   0.998375  0.883193    13.788109
95       0.125317   0.998834  0.877079    14.440812
96       0.126630   0.999642  0.898093    13.939230
97       0.127943   1.000000  0.903475    13.668257
98       0.129256   1.000000  0.896412    14.305123
99       0.130569   1.000000  0.889350    15.643289
100      0.131882   0.999339  0.897480    15.872901
101      0.133195   0.998632  0.906671    15.148589
102      0.134508   0.998183  0.890026    17.108760
103      0.135821   0.997612  0.871130    20.235825
104      0.137134   0.997855  0.870370    19.693669
105      0.138446   0.999079  0.870370    17.566123
106      0.139759   0.999920  0.870370    16.103374
107      0.141072   1.000000  0.870370    15.448137
108      0.142385   1.000000  0.870370    14.854455
109      0.143698   1.000000  0.870370    15.107625
110      0.145011   1.000000  0.870370    16.831504
111      0.146324   1.000000  0.870370    18.566376
112      0.147637   1.000000  0.870370    18.245802
113      0.148950   1.000000  0.870370    15.778468
114      0.150263   0.999934  0.870370    13.831017
115      0.151576   0.999454  0.870370    14.327827
116      0.152888   0.998974  0.870370    14.824637
117      0.154201   0.998680  0.870370    15.684716
118      0.155514   0.999293  0.870370    13.356772
119      0.156827   0.999905  0.870370    11.847841
120      0.158140   1.000000  0.870370    14.810851
121      0.159453   1.000000  0.870370    18.198346
122      0.160766   1.000000  0.870370    18.376838
123      0.162079   1.000000  0.870370    18.271558
124      0.163392   1.000000  0.869834    18.122265
125      0.164705   1.000000  0.863541    17.334352
126      0.166017   1.000000  0.857247    16.265293
127      0.167330   1.000000  0.852765    15.355160
128      0.168643   1.000000  0.859167    15.142586
129      0.169956   1.000000  0.865568    14.892558
130      0.171269   1.000000  0.870370    14.507987
131      0.172582   1.000000  0.870370    13.687623
132      0.173895   1.000000  0.870370    12.881744
133      0.175208   1.000000  0.870370    12.351101
134      0.176521   1.000000  0.870370    11.793961
135      0.177834   1.000000  0.870370    11.965678
136      0.179147   0.999714  0.866658    12.660605
137      0.180459   0.999341  0.861799    13.216399
138      0.181772   0.998967  0.855984    13.681094
139      0.183085   0.998593  0.846361    13.782967
140      0.184398   0.998575  0.841367    14.184469
141      0.185711   0.998575  0.836603    14.600806
142      0.187024   0.998575  0.835329    14.913422
143      0.188337   0.998971  0.841694    14.318914
144      0.189650   0.999482  0.848058    13.525744
145      0.190963   0.999821  0.851852    12.810985
146      0.192276   0.999400  0.851852    13.192767
147      0.193588   0.998973  0.851852    13.587467
148      0.194901   0.998613  0.851852    13.916279
149      0.196214   0.999148  0.851852    13.548411
150      0.197527   0.999682  0.851852    13.497510
151      0.198840   1.000000  0.851852    13.955049
152      0.200153   1.000000  0.851852    14.132098
153      0.201466   1.000000  0.851852    13.515427
154      0.202779   1.000000  0.851852    12.790247
155      0.204092   0.999215  0.851852    14.211252
156      0.205405   0.998240  0.851852    16.143058
157      0.206718   0.997265  0.851852    18.033289
158      0.208030   0.997951  0.851852    17.404798
159      0.209343   0.998858  0.851852    16.493284
160      0.210656   0.999764  0.851852    15.731964
161      0.211969   1.000000  0.851852    16.019366
162      0.213282   1.000000  0.851852    16.676355
163      0.214595   1.000000  0.851852    15.981276
164      0.215908   1.000000  0.851852    13.511753
165      0.217221   1.000000  0.851852    11.042230
166      0.218534   1.000000  0.851852    10.255009
167      0.219847   1.000000  0.851852    12.644403
168      0.221159   1.000000  0.851852    15.014636
169      0.222472   1.000000  0.851852    15.787173
170      0.223785   1.000000  0.851852    15.541208
171      0.225098   1.000000  0.851852    15.295243
172      0.226411   1.000000  0.851852    15.104481
173      0.227724   1.000000  0.851852    15.032870
174      0.229037   0.999674  0.851852    14.312369
175      0.230350   0.999138  0.851852    13.156514
176      0.231663   0.998603  0.851852    11.926346
177      0.232976   0.999049  0.851852    12.729738
178      0.234288   0.999547  0.851852    14.348948
179      0.235601   1.000000  0.851852    16.787409
180      0.236914   1.000000  0.851852    16.598169
181      0.238227   1.000000  0.851852    15.187994
182      0.239540   1.000000  0.851852    12.628012
183      0.240853   1.000000  0.851852    10.983417
184      0.242166   1.000000  0.853478     9.694023
185      0.243479   1.000000  0.860425    10.506959
186      0.244792   1.000000  0.867372    11.646283
187      0.246105   1.000000  0.866988    12.225127
188      0.247418   1.000000  0.861036    12.302402
189      0.248730   1.000000  0.855085    12.346717
190      0.250043   1.000000  0.854428    12.553413
191      0.251356   1.000000  0.860069    12.327321
192      0.252669   1.000000  0.865710    12.029754
193      0.253982   1.000000  0.870370    11.818669
194      0.255295   1.000000  0.870370    11.800088
195      0.256608   1.000000  0.870370    11.673397
196      0.257921   1.000000  0.870370    11.445086
197      0.259234   1.000000  0.870370    10.410212
198      0.260547   1.000000  0.870370    10.516866
199      0.261859   1.000000  0.870370    10.740000
200      0.263172   1.000000  0.870370    11.914603
201      0.264485   1.000000  0.870370    12.322473
202      0.265798   1.000000  0.870370    11.909152
203      0.267111   1.000000  0.870370    11.396786
204      0.268424   1.000000  0.870370    11.549405
205      0.269737   1.000000  0.870370    12.416086
206      0.271050   1.000000  0.870370    12.619442
207      0.272363   1.000000  0.870370    12.428888
208      0.273676   1.000000  0.870370    12.396586
209      0.274989   1.000000  0.870370    12.496433
210      0.276301   1.000000  0.870370    13.429242
211      0.277614   1.000000  0.870370    14.727321
212      0.278927   1.000000  0.870370    15.994961
213      0.280240   1.000000  0.870370    15.426245
214      0.281553   1.000000  0.870370    13.990822
215      0.282866   0.999823  0.870370    12.839148
216      0.284179   0.999262  0.870370    12.304958
217      0.285492   0.998700  0.870370    12.427619
218      0.286805   0.998916  0.870370    12.285733
219      0.288118   0.999354  0.870370    11.992607
220      0.289430   0.999791  0.870370    11.624290
221      0.290743   1.000000  0.870370    11.066870
222      0.292056   1.000000  0.870370    10.582081
223      0.293369   1.000000  0.870370    10.723938
224      0.294682   1.000000  0.870370    11.824816
225      0.295995   1.000000  0.870370    12.997285
226      0.297308   0.999769  0.870370    13.399633
227      0.298621   0.999324  0.870370    12.900401
228      0.299934   0.998879  0.870370    12.401169
229      0.301247   0.998720  0.872252    12.185221
230      0.302560   0.999175  0.878165    12.663712
231      0.303872   0.999630  0.884077    13.144840
232      0.305185   1.000000  0.887792    13.554120
233      0.306498   1.000000  0.881901    13.580850
234      0.307811   1.000000  0.876011    13.338977
235      0.309124   1.000000  0.870577    13.059757
236      0.310437   1.000000  0.875445    11.946532
237      0.311750   1.000000  0.880312    11.024842
238      0.313063   1.000000  0.885179    10.103152
239      0.314376   1.000000  0.888889     9.729773
240      0.315689   1.000000  0.888889    11.483722
241      0.317001   1.000000  0.888889    13.237671
242      0.318314   1.000000  0.888889    14.991620
243      0.319627   1.000000  0.888889    15.018865
244      0.320940   1.000000  0.888889    14.466101
245      0.322253   1.000000  0.888889    13.913338
246      0.323566   1.000000  0.892717    13.387402
247      0.324879   1.000000  0.892353    13.281201
248      0.326192   1.000000  0.891989    13.175001
249      0.327505   1.000000  0.890992    13.210187
250      0.328818   1.000000  0.891829    13.611888
251      0.330131   1.000000  0.896655    13.620180
252      0.331443   1.000000  0.900522    13.587968
253      0.332756   1.000000  0.894611    13.142746
254      0.334069   1.000000  0.884975    13.508727
255      0.335382   1.000000  0.874239    14.114474
256      0.336695   1.000000  0.870370    14.209708
257      0.338008   1.000000  0.870370    13.797782
258      0.339321   1.000000  0.870370    12.966199
259      0.340634   0.999804  0.870370    12.829436
260      0.341947   0.999365  0.870370    13.548860
261      0.343260   0.998927  0.870370    14.282084
262      0.344572   0.998659  0.870370    14.662921
263      0.345885   0.999083  0.870370    13.519126
264      0.347198   0.999506  0.870370    12.375331
265      0.348511   0.999930  0.870370    11.264698
266      0.349824   1.000000  0.870370    11.005693
267      0.351137   1.000000  0.870370    10.913544
268      0.352450   1.000000  0.870370    10.821395
269      0.353763   1.000000  0.870370    10.596100
270      0.355076   1.000000  0.870370    10.240507
271      0.356389   1.000000  0.870370     9.884915
272      0.357702   1.000000  0.870370     9.777853
273      0.359014   0.999792  0.870370    10.002111
274      0.360327   0.999391  0.870370    10.444817
275      0.361640   0.998698  0.870370    10.791934
276      0.362953   0.997888  0.870370    11.100674
277      0.364266   0.997976  0.870370    11.317215
278      0.365579   0.998272  0.870370    11.489588
279      0.366892   0.999019  0.870370    11.691759
280      0.368205   0.999379  0.870370    12.347982
281      0.369518   0.999739  0.870370    13.004205
282      0.370831   1.000000  0.872696    13.157797
283      0.372143   1.000000  0.878042    12.777735
284      0.373456   1.000000  0.883387    12.397674
285      0.374769   1.000000  0.888733    12.017612
286      0.376082   1.000000  0.888889    12.410671
287      0.377395   1.000000  0.888889    12.833247
288      0.378708   1.000000  0.888889    13.255824
289      0.380021   1.000000  0.888889    13.145945
290      0.381334   1.000000  0.888889    12.461546
291      0.382647   1.000000  0.888889    11.777147
292      0.383960   1.000000  0.888889    11.092747
293      0.385272   0.999849  0.891950    10.864998
294      0.386585   0.999354  0.896249    11.214285
295      0.387898   0.998860  0.900548    11.563572
296      0.389211   0.998752  0.904847    11.803986
297      0.390524   0.999168  0.905372    11.880792
298      0.391837   0.999585  0.900340    11.934627
299      0.393150   1.000000  0.895308    11.987464
300      0.394463   1.000000  0.890276    11.742344
301      0.395776   0.999286  0.888889    11.981267
302      0.397089   0.998300  0.888889    12.404319
303      0.398402   0.997314  0.888889    12.827371
304      0.399714   0.997828  0.884489    12.952867
305      0.401027   0.998639  0.879215    12.895593
306      0.402340   0.999451  0.873942    12.838319
307      0.403653   1.000000  0.870370    12.996208
308      0.404966   1.000000  0.870370    13.092826
309      0.406279   1.000000  0.870370    13.175874
310      0.407592   1.000000  0.870370    13.258921
311      0.408905   0.999299  0.874577    13.132419
312      0.410218   0.998570  0.879049    13.009108
313      0.411531   0.997842  0.883521    12.885797
314      0.412843   0.997348  0.887993    12.739611
315      0.414156   0.998079  0.888889    12.166395
316      0.415469   0.998963  0.888889    11.501189
317      0.416782   0.999756  0.888889    10.841422
318      0.418095   0.999825  0.888889    10.241369
319      0.419408   0.999408  0.888889     9.692863
320      0.420721   0.998991  0.888889     9.144358
321      0.422034   0.998575  0.888889     8.786930
322      0.423347   0.998575  0.888889     9.522689
323      0.424660   0.998575  0.888889    10.258448
324      0.425973   0.998575  0.888889    11.072360
325      0.427285   0.998694  0.888889    11.969014
326      0.428598   0.999075  0.888889    11.950655
327      0.429911   0.999456  0.888889    11.932297
328      0.431224   0.999837  0.892874    11.445179
329      0.432537   0.999738  0.897789    11.033804
330      0.433850   0.999282  0.902704    10.760186
331      0.435163   0.998826  0.907407    10.509353
332      0.436476   0.998575  0.909935    10.911328
333      0.437789   0.998575  0.915555    11.491519
334      0.439102   0.998575  0.921174    12.090072
335      0.440414   0.998639  0.925104    12.700011
336      0.441727   0.999048  0.919784    12.922948
337      0.443040   0.999457  0.914463    13.131742
338      0.444353   0.999867  0.909142    12.415597
339      0.445666   1.000000  0.903374    11.683739
340      0.446979   1.000000  0.897390    10.972905
341      0.448292   1.000000  0.891405    10.685591
342      0.449605   1.000000  0.888889    10.444988
343      0.450918   1.000000  0.888889    10.238275
344      0.452231   1.000000  0.888889    10.148822
345      0.453544   1.000000  0.888889    10.175519
346      0.454856   1.000000  0.892191    10.425097
347      0.456169   1.000000  0.902275    10.936611
348      0.457482   1.000000  0.912358    11.448125
349      0.458795   0.999966  0.922410    11.950591
350      0.460108   0.999573  0.931474    12.352387
351      0.461421   0.999181  0.936579    12.721135
352      0.462734   0.998788  0.941684    13.089883
353      0.464047   0.998942  0.943942    13.086767
354      0.465360   0.999741  0.938825    12.185660
355      0.466673   1.000000  0.933708    11.903286
356      0.467985   1.000000  0.928591    11.918369
357      0.469298   1.000000  0.928592    12.078676
358      0.470611   1.000000  0.934156    11.975815
359      0.471924   1.000000  0.939719    11.160482
360      0.473237   1.000000  0.944444    10.431378
361      0.474550   1.000000  0.942211    10.536583
362      0.475863   1.000000  0.936017    11.258643
363      0.477176   0.999744  0.929822    12.526931
364      0.478489   0.999253  0.927878    14.219550
365      0.479802   0.998761  0.933140    15.778154
366      0.481115   0.998799  0.938403    16.528920
367      0.482427   0.999158  0.943665    16.788621
368      0.483740   0.999517  0.944444    17.722208
369      0.485053   0.999876  0.944444    18.772930
370      0.486366   1.000000  0.944444    19.366938
371      0.487679   1.000000  0.944444    19.718489
372      0.488992   1.000000  0.939283    19.186434
373      0.490305   0.999984  0.933352    18.519932
374      0.491618   0.999562  0.927421    17.782480
375      0.492931   0.999139  0.929835    17.076566
376      0.494244   0.998716  0.935061    16.381283
377      0.495556   0.998873  0.940288    16.105147
378      0.496869   0.999319  0.944444    16.096343
379      0.498182   0.999765  0.944444    16.311139
380      0.499495   1.000000  0.944444    16.539067
381      0.500808   1.000000  0.944444    16.562803
382      0.502121   1.000000  0.944444    15.691125
383      0.503434   1.000000  0.944444    14.704054
384      0.504747   1.000000  0.944444    13.376788
385      0.506060   1.000000  0.944444    13.162031
386      0.507373   1.000000  0.944444    13.242254
387      0.508686   1.000000  0.944444    13.399546
388      0.509998   1.000000  0.944444    12.697621
389      0.511311   1.000000  0.944444    12.911657
390      0.512624   1.000000  0.944444    13.151967
391      0.513937   1.000000  0.944444    13.707190
392      0.515250   1.000000  0.944444    13.910784
393      0.516563   1.000000  0.944444    14.001249
394      0.517876   1.000000  0.934083    13.868857
395      0.519189   1.000000  0.922910    13.758050
396      0.520502   1.000000  0.911737    13.786582
397      0.521815   1.000000  0.907407    14.501415
398      0.523127   1.000000  0.907407    15.650409
399      0.524440   1.000000  0.907407    16.918543
400      0.525753   1.000000  0.913142    17.628667
401      0.527066   1.000000  0.922936    17.941795
402      0.528379   0.999641  0.932731    18.088112
403      0.529692   0.999083  0.942526    18.141967
404      0.531005   0.998185  0.934281    18.910136
405      0.532318   0.997699  0.921643    20.382813
406      0.533631   0.997212  0.909004    21.855490
407      0.534944   0.997682  0.921204    23.144538
408      0.536256   0.998621  0.936996    23.804201
409      0.537569   0.999270  0.944444    24.974327
410      0.538882   0.999633  0.944444    26.649333
411      0.540195   0.999995  0.944444    28.324338
412      0.541508   0.999739  0.944444    30.293306
413      0.542821   0.999070  0.944444    31.332271
414      0.544134   0.998276  0.944444    31.979386
415      0.545447   0.997216  0.944444    31.796624
416      0.546760   0.996315  0.943512    31.627208
417      0.548073   0.996471  0.936397    31.546249
418      0.549386   0.997297  0.929282    31.712858
419      0.550698   0.998151  0.925926    32.592701
420      0.552011   0.998575  0.925926    33.581395
421      0.553324   0.998575  0.925926    33.515966
422      0.554637   0.998575  0.925926    33.450536
423      0.555950   0.998575  0.931649    32.332680
424      0.557263   0.997996  0.938404    32.041250
425      0.558576   0.997138  0.944444    32.207841
426      0.559889   0.996281  0.944444    32.140100
427      0.561202   0.995923  0.944444    32.269105
428      0.562515   0.996478  0.943052    32.798447
429      0.563827   0.997033  0.929934    33.663075
430      0.565140   0.997151  0.916817    34.394160
431      0.566453   0.997265  0.908890    34.863671
432      0.567766   0.997606  0.914133    34.832928
433      0.569079   0.997493  0.919377    35.328366
434      0.570392   0.997379  0.924621    35.823803
435      0.571705   0.996997  0.920769    36.138048
436      0.573018   0.996573  0.913903    36.042915
437      0.574331   0.996131  0.907407    35.984634
438      0.575644   0.995343  0.907407    36.573454
439      0.576957   0.995880  0.907407    36.270259
440      0.578269   0.996418  0.907407    35.966319
441      0.579582   0.997008  0.908650    35.720366
442      0.580895   0.997151  0.917506    36.559207
443      0.582208   0.997151  0.925606    37.531828
444      0.583521   0.997151  0.919101    38.428366
445      0.584834   0.997151  0.912595    39.324903
446      0.586147   0.997151  0.910092    38.117495
447      0.587460   0.997151  0.923346    34.609042
448      0.588773   0.997151  0.936600    31.100588
449      0.590086   0.996475  0.944444    31.054867
450      0.591398   0.995351  0.944444    33.530563
451      0.592711   0.994397  0.944444    35.557407
452      0.594024   0.994647  0.944444    35.738457
453      0.595337   0.995064  0.944444    35.758764
454      0.596650   0.995481  0.944444    35.854563
455      0.597963   0.995513  0.944444    37.086386
456      0.599276   0.994993  0.944444    39.271056
457      0.600589   0.994456  0.944444    41.475019
458      0.601902   0.993837  0.936076    43.011903
459      0.603215   0.993390  0.923613    43.981476
460      0.604528   0.992942  0.911150    44.951048
461      0.605840   0.993208  0.915704    45.385872
462      0.607153   0.993595  0.927561    45.617526
463      0.608466   0.993981  0.939418    45.849180
464      0.609779   0.994302  0.944444    46.430010
465      0.611092   0.994302  0.944444    46.799763
466      0.612405   0.994302  0.944444    47.169515
467      0.613718   0.994302  0.944444    45.829126
468      0.615031   0.994302  0.944444    45.041742
469      0.616344   0.994302  0.944444    44.434716
470      0.617657   0.994302  0.940438    45.495193
471      0.618969   0.994302  0.935173    45.467825
472      0.620282   0.994302  0.929909    45.440456
473      0.621595   0.994302  0.925926    45.125710
474      0.622908   0.994302  0.925926    45.581041
475      0.624221   0.994302  0.925926    46.344500
476      0.625534   0.994302  0.925926    47.272346
477      0.626847   0.994302  0.925926    47.137781
478      0.628160   0.994302  0.925926    46.312446
479      0.629473   0.994302  0.925926    46.468536
480      0.630786   0.994302  0.929778    46.509297
481      0.632099   0.994302  0.935436    46.033467
482      0.633411   0.994302  0.941095    45.557637
483      0.634724   0.994302  0.944444    45.518187
484      0.636037   0.994302  0.944444    46.013029
485      0.637350   0.994302  0.944444    46.507871
486      0.638663   0.994302  0.944444    45.656017
487      0.639976   0.994302  0.944444    44.082246
488      0.641289   0.994302  0.944444    43.091262
489      0.642602   0.994302  0.944444    42.757068
490      0.643915   0.994302  0.944444    42.520969
491      0.645228   0.994302  0.944444    42.616950
492      0.646540   0.994302  0.944444    43.499670
493      0.647853   0.994302  0.944444    43.740198
494      0.649166   0.994219  0.945528    43.205107
495      0.650479   0.993731  0.951871    41.717839
496      0.651792   0.993243  0.958214    41.309731
497      0.653105   0.993109  0.964469    41.317377
498      0.654418   0.994032  0.970465    41.167877
499      0.655731   0.994954  0.976460    41.018377
avg_random_sel_results
     runtime_frac  cross_acc  true_acc  diff
0        0.000031   0.645589  0.590167   0.0
1        0.001345   0.651361  0.436756   0.0
2        0.002659   0.685950  0.441454   0.0
3        0.003973   0.673467  0.442255   0.0
4        0.005287   0.723895  0.503952   0.0
5        0.006601   0.781621  0.605925   0.0
6        0.007915   0.807892  0.685185   0.0
7        0.009229   0.813947  0.685185   0.0
8        0.010543   0.821867  0.686337   0.0
9        0.011857   0.820318  0.648148   0.0
10       0.013171   0.848076  0.737632   0.0
11       0.014485   0.854764  0.758254   0.0
12       0.015799   0.861169  0.744824   0.0
13       0.017113   0.858937  0.750565   0.0
14       0.018427   0.856663  0.758278   0.0
15       0.019741   0.864178  0.767805   0.0
16       0.021055   0.877822  0.748861   0.0
17       0.022369   0.889143  0.727226   0.0
18       0.023683   0.889533  0.734681   0.0
19       0.024997   0.876858  0.780760   0.0
20       0.026311   0.872705  0.797923   0.0
21       0.027625   0.873797  0.777589   0.0
22       0.028939   0.874150  0.759259   0.0
23       0.030253   0.868350  0.745239   0.0
24       0.031567   0.872704  0.740741   0.0
25       0.032881   0.878086  0.737463   0.0
26       0.034195   0.885271  0.725786   0.0
27       0.035509   0.886206  0.722222   0.0
28       0.036823   0.877522  0.698456   0.0
29       0.038138   0.873396  0.671255   0.0
30       0.039452   0.874644  0.703704   0.0
31       0.040766   0.874644  0.703704   0.0
32       0.042080   0.881835  0.689495   0.0
33       0.043394   0.888423  0.709936   0.0
34       0.044708   0.892058  0.734840   0.0
35       0.046022   0.889284  0.712668   0.0
36       0.047336   0.886957  0.722222   0.0
37       0.048650   0.892302  0.745614   0.0
38       0.049964   0.893765  0.742928   0.0
39       0.051278   0.894035  0.740741   0.0
40       0.052592   0.895187  0.740741   0.0
41       0.053906   0.894040  0.740741   0.0
42       0.055220   0.894217  0.767802   0.0
43       0.056534   0.899663  0.796296   0.0
44       0.057848   0.895864  0.781431   0.0
45       0.059162   0.899082  0.777778   0.0
46       0.060476   0.897467  0.795896   0.0
47       0.061790   0.897280  0.796296   0.0
48       0.063104   0.901053  0.796296   0.0
49       0.064418   0.910395  0.796296   0.0
50       0.065732   0.915188  0.796296   0.0
51       0.067046   0.914549  0.796296   0.0
52       0.068360   0.914530  0.792909   0.0
53       0.069674   0.914530  0.778586   0.0
54       0.070988   0.916502  0.790596   0.0
55       0.072302   0.919129  0.796296   0.0
56       0.073616   0.918146  0.779572   0.0
57       0.074930   0.912605  0.759574   0.0
58       0.076244   0.909827  0.759259   0.0
59       0.077558   0.909496  0.778310   0.0
60       0.078872   0.910507  0.796296   0.0
61       0.080186   0.913995  0.796296   0.0
62       0.081500   0.912180  0.796296   0.0
63       0.082814   0.913897  0.791261   0.0
64       0.084129   0.911724  0.766106   0.0
65       0.085443   0.912025  0.776746   0.0
66       0.086757   0.914299  0.762592   0.0
67       0.088071   0.914530  0.777778   0.0
68       0.089385   0.915126  0.785522   0.0
69       0.090699   0.918007  0.796296   0.0
70       0.092013   0.921877  0.796296   0.0
71       0.093327   0.923077  0.796296   0.0
72       0.094641   0.917423  0.796296   0.0
73       0.095955   0.918294  0.796296   0.0
74       0.097269   0.919895  0.796296   0.0
75       0.098583   0.924659  0.796296   0.0
76       0.099897   0.923661  0.796296   0.0
77       0.101211   0.925889  0.820813   0.0
78       0.102525   0.917782  0.833333   0.0
79       0.103839   0.917814  0.833333   0.0
80       0.105153   0.916423  0.833333   0.0
81       0.106467   0.913815  0.833333   0.0
82       0.107781   0.916075  0.833333   0.0
83       0.109095   0.921067  0.833333   0.0
84       0.110409   0.922358  0.839840   0.0
85       0.111723   0.925490  0.851852   0.0
86       0.113037   0.924199  0.851852   0.0
87       0.114351   0.929140  0.847107   0.0
88       0.115665   0.930512  0.833333   0.0
89       0.116979   0.932528  0.833333   0.0
90       0.118293   0.934473  0.833333   0.0
91       0.119607   0.933826  0.841765   0.0
92       0.120921   0.932147  0.865380   0.0
93       0.122235   0.930878  0.870370   0.0
94       0.123549   0.931900  0.870370   0.0
95       0.124863   0.931848  0.870370   0.0
96       0.126177   0.928523  0.851852   0.0
97       0.127491   0.927178  0.851852   0.0
98       0.128805   0.926857  0.851852   0.0
99       0.130119   0.929381  0.851852   0.0
100      0.131434   0.929962  0.851852   0.0
101      0.132748   0.929259  0.851852   0.0
102      0.134062   0.928409  0.851852   0.0
103      0.135376   0.927450  0.851852   0.0
104      0.136690   0.930203  0.851852   0.0
105      0.138004   0.932036  0.851852   0.0
106      0.139318   0.933636  0.851852   0.0
107      0.140632   0.936732  0.851852   0.0
108      0.141946   0.934751  0.851852   0.0
109      0.143260   0.932925  0.851852   0.0
110      0.144574   0.934127  0.851852   0.0
111      0.145888   0.933085  0.851852   0.0
112      0.147202   0.937216  0.851852   0.0
113      0.148516   0.932291  0.851852   0.0
114      0.149830   0.932915  0.851852   0.0
115      0.151144   0.933208  0.851852   0.0
116      0.152458   0.934837  0.851852   0.0
117      0.153772   0.934388  0.848221   0.0
118      0.155086   0.932411  0.841212   0.0
119      0.156400   0.933115  0.834203   0.0
120      0.157714   0.936495  0.833333   0.0
121      0.159028   0.936168  0.833333   0.0
122      0.160342   0.937220  0.833333   0.0
123      0.161656   0.942255  0.842171   0.0
124      0.162970   0.945869  0.851852   0.0
125      0.164284   0.945869  0.851852   0.0
126      0.165598   0.946799  0.850853   0.0
127      0.166912   0.944843  0.853825   0.0
128      0.168226   0.945418  0.864512   0.0
129      0.169540   0.946828  0.870370   0.0
130      0.170854   0.947293  0.869127   0.0
131      0.172168   0.947293  0.857823   0.0
132      0.173482   0.947656  0.851852   0.0
133      0.174796   0.948897  0.851852   0.0
134      0.176110   0.949044  0.862661   0.0
135      0.177425   0.947281  0.887590   0.0
136      0.178739   0.950830  0.888889   0.0
137      0.180053   0.951764  0.876464   0.0
138      0.181367   0.952424  0.888889   0.0
139      0.182681   0.950034  0.870370   0.0
140      0.183995   0.950686  0.880327   0.0
141      0.185309   0.953533  0.876111   0.0
142      0.186623   0.956372  0.870370   0.0
143      0.187937   0.956800  0.870370   0.0
144      0.189251   0.955556  0.870370   0.0
145      0.190565   0.953655  0.861746   0.0
146      0.191879   0.954634  0.865518   0.0
147      0.193193   0.954354  0.882959   0.0
148      0.194507   0.955198  0.888889   0.0
149      0.195821   0.953955  0.888889   0.0
150      0.197135   0.952991  0.888889   0.0
151      0.198449   0.952564  0.888889   0.0
152      0.199763   0.952323  0.888889   0.0
153      0.201077   0.957265  0.890574   0.0
154      0.202391   0.957265  0.907407   0.0
155      0.203705   0.957265  0.907407   0.0
156      0.205019   0.957452  0.902022   0.0
157      0.206333   0.957168  0.897385   0.0
158      0.207647   0.955930  0.899836   0.0
159      0.208961   0.957346  0.888889   0.0
160      0.210275   0.955350  0.888889   0.0
161      0.211589   0.947885  0.888889   0.0
162      0.212903   0.945819  0.888889   0.0
163      0.214217   0.948905  0.888889   0.0
164      0.215531   0.951168  0.888889   0.0
165      0.216845   0.949524  0.888889   0.0
166      0.218159   0.950143  0.888889   0.0
167      0.219473   0.946307  0.888889   0.0
168      0.220787   0.944962  0.888889   0.0
169      0.222101   0.946284  0.888889   0.0
170      0.223415   0.947976  0.888889   0.0
171      0.224730   0.948804  0.888889   0.0
172      0.226044   0.949550  0.888889   0.0
173      0.227358   0.948219  0.888889   0.0
174      0.228672   0.949522  0.888889   0.0
175      0.229986   0.948900  0.880811   0.0
176      0.231300   0.946720  0.870370   0.0
177      0.232614   0.944694  0.870370   0.0
178      0.233928   0.944444  0.870370   0.0
179      0.235242   0.947293  0.888889   0.0
180      0.236556   0.947293  0.888889   0.0
181      0.237870   0.947293  0.888889   0.0
182      0.239184   0.947795  0.888889   0.0
183      0.240498   0.948574  0.888889   0.0
184      0.241812   0.948056  0.888889   0.0
185      0.243126   0.948491  0.876309   0.0
186      0.244440   0.951764  0.858331   0.0
187      0.245754   0.950420  0.851852   0.0
188      0.247068   0.951567  0.851852   0.0
189      0.248382   0.951567  0.851852   0.0
190      0.249696   0.951567  0.851852   0.0
191      0.251010   0.954001  0.851852   0.0
192      0.252324   0.953858  0.851852   0.0
193      0.253638   0.953458  0.851852   0.0
194      0.254952   0.952087  0.851852   0.0
195      0.256266   0.952995  0.851852   0.0
196      0.257580   0.953023  0.868499   0.0
197      0.258894   0.955806  0.870370   0.0
198      0.260208   0.956868  0.876391   0.0
199      0.261522   0.955972  0.884075   0.0
200      0.262836   0.957541  0.907407   0.0
201      0.264150   0.959172  0.907407   0.0
202      0.265464   0.964092  0.907407   0.0
203      0.266778   0.963075  0.907407   0.0
204      0.268092   0.961271  0.900637   0.0
205      0.269406   0.954848  0.905551   0.0
206      0.270721   0.958942  0.888989   0.0
207      0.272035   0.958657  0.906983   0.0
208      0.273349   0.958495  0.907407   0.0
209      0.274663   0.954869  0.907407   0.0
210      0.275977   0.955253  0.907407   0.0
211      0.277291   0.955122  0.907407   0.0
212      0.278605   0.957434  0.907407   0.0
213      0.279919   0.958689  0.907407   0.0
214      0.281233   0.957250  0.907407   0.0
215      0.282547   0.958178  0.907407   0.0
216      0.283861   0.960117  0.907407   0.0
217      0.285175   0.961410  0.907407   0.0
218      0.286489   0.961106  0.907407   0.0
219      0.287803   0.960677  0.907407   0.0
220      0.289117   0.962160  0.907407   0.0
221      0.290431   0.961132  0.907407   0.0
222      0.291745   0.962897  0.907407   0.0
223      0.293059   0.962323  0.907407   0.0
224      0.294373   0.960785  0.907407   0.0
225      0.295687   0.960813  0.907407   0.0
226      0.297001   0.961915  0.907407   0.0
227      0.298315   0.961634  0.907407   0.0
228      0.299629   0.963567  0.907407   0.0
229      0.300943   0.962865  0.907407   0.0
230      0.302257   0.961788  0.907407   0.0
231      0.303571   0.961538  0.907407   0.0
232      0.304885   0.960207  0.916580   0.0
233      0.306199   0.963330  0.925926   0.0
234      0.307513   0.964711  0.925926   0.0
235      0.308827   0.965140  0.924675   0.0
236      0.310141   0.964592  0.910709   0.0
237      0.311455   0.965244  0.907407   0.0
238      0.312769   0.966695  0.907407   0.0
239      0.314083   0.967236  0.907407   0.0
240      0.315397   0.965439  0.907407   0.0
241      0.316712   0.963764  0.907407   0.0
242      0.318026   0.967088  0.907407   0.0
243      0.319340   0.966526  0.907407   0.0
244      0.320654   0.965339  0.907407   0.0
245      0.321968   0.964387  0.907407   0.0
246      0.323282   0.964387  0.907407   0.0
247      0.324596   0.965081  0.907407   0.0
248      0.325910   0.965162  0.907407   0.0
249      0.327224   0.965528  0.907407   0.0
250      0.328538   0.966100  0.922175   0.0
251      0.329852   0.964826  0.907407   0.0
252      0.331166   0.961931  0.907407   0.0
253      0.332480   0.961538  0.893922   0.0
254      0.333794   0.961538  0.888889   0.0
255      0.335108   0.959430  0.888889   0.0
256      0.336422   0.960114  0.888889   0.0
257      0.337736   0.957814  0.888889   0.0
258      0.339050   0.960114  0.888889   0.0
259      0.340364   0.960114  0.888889   0.0
260      0.341678   0.960114  0.888889   0.0
261      0.342992   0.960982  0.888889   0.0
262      0.344306   0.962963  0.890828   0.0
263      0.345620   0.963549  0.907407   0.0
264      0.346934   0.964620  0.907407   0.0
265      0.348248   0.964387  0.922396   0.0
266      0.349562   0.965288  0.925926   0.0
267      0.350876   0.967236  0.925926   0.0
268      0.352190   0.966427  0.925926   0.0
269      0.353504   0.965812  0.944444   0.0
270      0.354818   0.965812  0.944444   0.0
271      0.356132   0.966699  0.944444   0.0
272      0.357446   0.968107  0.944444   0.0
273      0.358760   0.967604  0.944444   0.0
274      0.360074   0.966420  0.944444   0.0
275      0.361388   0.966599  0.944444   0.0
276      0.362702   0.966975  0.944444   0.0
277      0.364017   0.966082  0.944444   0.0
278      0.365331   0.964364  0.944444   0.0
279      0.366645   0.961538  0.944444   0.0
280      0.367959   0.961538  0.944444   0.0
281      0.369273   0.962963  0.944444   0.0
282      0.370587   0.966140  0.944444   0.0
283      0.371901   0.961888  0.944444   0.0
284      0.373215   0.960535  0.944444   0.0
285      0.374529   0.963609  0.944444   0.0
286      0.375843   0.965669  0.944444   0.0
287      0.377157   0.964387  0.944444   0.0
288      0.378471   0.964387  0.944444   0.0
289      0.379785   0.965097  0.944444   0.0
290      0.381099   0.968341  0.944444   0.0
291      0.382413   0.966156  0.944444   0.0
292      0.383727   0.964387  0.944444   0.0
293      0.385041   0.964387  0.944444   0.0
294      0.386355   0.964387  0.944444   0.0
295      0.387669   0.964387  0.944444   0.0
296      0.388983   0.964387  0.944444   0.0
297      0.390297   0.963618  0.944444   0.0
298      0.391611   0.965701  0.945881   0.0
299      0.392925   0.964897  0.962963   0.0
300      0.394239   0.967334  0.962963   0.0
301      0.395553   0.967823  0.953277   0.0
302      0.396867   0.968075  0.944444   0.0
303      0.398181   0.970034  0.948439   0.0
304      0.399495   0.968333  0.958703   0.0
305      0.400809   0.968661  0.962963   0.0
306      0.402123   0.969014  0.962963   0.0
307      0.403437   0.970029  0.962963   0.0
308      0.404751   0.970254  0.962963   0.0
309      0.406065   0.971190  0.959645   0.0
310      0.407379   0.970141  0.944444   0.0
311      0.408693   0.972438  0.947671   0.0
312      0.410008   0.970750  0.958643   0.0
313      0.411322   0.968661  0.962963   0.0
314      0.412636   0.968661  0.962963   0.0
315      0.413950   0.970681  0.962963   0.0
316      0.415264   0.969404  0.962963   0.0
317      0.416578   0.970952  0.962963   0.0
318      0.417892   0.974111  0.962963   0.0
319      0.419206   0.975783  0.962963   0.0
320      0.420520   0.975783  0.962963   0.0
321      0.421834   0.978632  0.962963   0.0
322      0.423148   0.977845  0.962963   0.0
323      0.424462   0.977292  0.962963   0.0
324      0.425776   0.980016  0.962963   0.0
325      0.427090   0.978632  0.962963   0.0
326      0.428404   0.979078  0.962963   0.0
327      0.429718   0.979745  0.962963   0.0
328      0.431032   0.978822  0.962963   0.0
329      0.432346   0.974219  0.944444   0.0
330      0.433660   0.974497  0.944444   0.0
331      0.434974   0.974103  0.944444   0.0
332      0.436288   0.974359  0.944444   0.0
333      0.437602   0.974359  0.944444   0.0
334      0.438916   0.974359  0.944444   0.0
335      0.440230   0.975050  0.944444   0.0
336      0.441544   0.975783  0.944444   0.0
337      0.442858   0.974653  0.944444   0.0
338      0.444172   0.973256  0.944444   0.0
339      0.445486   0.972905  0.944444   0.0
340      0.446800   0.972934  0.944444   0.0
341      0.448114   0.974323  0.944444   0.0
342      0.449428   0.977640  0.944444   0.0
343      0.450742   0.979396  0.944444   0.0
344      0.452056   0.975901  0.944444   0.0
345      0.453370   0.976161  0.944444   0.0
346      0.454684   0.978797  0.940381   0.0
347      0.455998   0.981292  0.933954   0.0
348      0.457313   0.982611  0.942527   0.0
349      0.458627   0.982044  0.937134   0.0
350      0.459941   0.982768  0.927716   0.0
351      0.461255   0.984330  0.935922   0.0
352      0.462569   0.984330  0.913149   0.0
353      0.463883   0.984330  0.907407   0.0
354      0.465197   0.983891  0.907407   0.0
355      0.466511   0.983041  0.907407   0.0
356      0.467825   0.985007  0.920714   0.0
357      0.469139   0.985382  0.925926   0.0
358      0.470453   0.984809  0.925926   0.0
359      0.471767   0.984330  0.925926   0.0
360      0.473081   0.985515  0.936961   0.0
361      0.474395   0.984765  0.944444   0.0
362      0.475709   0.985755  0.944444   0.0
363      0.477023   0.983904  0.944444   0.0
364      0.478337   0.982281  0.944444   0.0
365      0.479651   0.981219  0.944444   0.0
366      0.480965   0.978807  0.944444   0.0
367      0.482279   0.982382  0.932744   0.0
368      0.483593   0.982367  0.925926   0.0
369      0.484907   0.979352  0.925926   0.0
370      0.486221   0.974405  0.925926   0.0
371      0.487535   0.977207  0.925926   0.0
372      0.488849   0.979505  0.925926   0.0
373      0.490163   0.977583  0.925926   0.0
374      0.491477   0.979615  0.935466   0.0
375      0.492791   0.981863  0.944444   0.0
376      0.494105   0.981481  0.944444   0.0
377      0.495419   0.981481  0.944444   0.0
378      0.496733   0.982906  0.944444   0.0
379      0.498047   0.982596  0.944444   0.0
380      0.499361   0.980225  0.922896   0.0
381      0.500675   0.981089  0.920825   0.0
382      0.501989   0.982906  0.944444   0.0
383      0.503304   0.982906  0.944444   0.0
384      0.504618   0.982906  0.944444   0.0
385      0.505932   0.982906  0.938009   0.0
386      0.507246   0.984008  0.940254   0.0
387      0.508560   0.984330  0.944444   0.0
388      0.509874   0.984330  0.944444   0.0
389      0.511188   0.984330  0.944444   0.0
390      0.512502   0.983980  0.944444   0.0
391      0.513816   0.983014  0.944444   0.0
392      0.515130   0.983963  0.944444   0.0
393      0.516444   0.984330  0.944444   0.0
394      0.517758   0.985077  0.946282   0.0
395      0.519072   0.986222  0.957731   0.0
396      0.520386   0.986919  0.962963   0.0
397      0.521700   0.985324  0.962963   0.0
398      0.523014   0.984330  0.962963   0.0
399      0.524328   0.984330  0.946801   0.0
400      0.525642   0.984330  0.944444   0.0
401      0.526956   0.984330  0.944444   0.0
402      0.528270   0.984330  0.944444   0.0
403      0.529584   0.984330  0.944444   0.0
404      0.530898   0.983320  0.944444   0.0
405      0.532212   0.981845  0.944444   0.0
406      0.533526   0.982571  0.944444   0.0
407      0.534840   0.983324  0.944444   0.0
408      0.536154   0.983540  0.944444   0.0
409      0.537468   0.981481  0.935712   0.0
410      0.538782   0.981481  0.925926   0.0
411      0.540096   0.981909  0.925926   0.0
412      0.541410   0.982906  0.925926   0.0
413      0.542724   0.982906  0.925926   0.0
414      0.544038   0.984185  0.942547   0.0
415      0.545352   0.984330  0.944444   0.0
416      0.546666   0.984330  0.944444   0.0
417      0.547980   0.984330  0.944444   0.0
418      0.549295   0.984330  0.944444   0.0
419      0.550609   0.984330  0.944444   0.0
420      0.551923   0.984330  0.944444   0.0
421      0.553237   0.984988  0.944444   0.0
422      0.554551   0.985755  0.944444   0.0
423      0.555865   0.986504  0.944444   0.0
424      0.557179   0.987179  0.944444   0.0
425      0.558493   0.987179  0.937264   0.0
426      0.559807   0.987179  0.925926   0.0
427      0.561121   0.987179  0.925926   0.0
428      0.562435   0.987179  0.925926   0.0
429      0.563749   0.985295  0.925926   0.0
430      0.565063   0.984330  0.925926   0.0
431      0.566377   0.984330  0.925926   0.0
432      0.567691   0.985138  0.925926   0.0
433      0.569005   0.985755  0.925926   0.0
434      0.570319   0.985319  0.938781   0.0
435      0.571633   0.984418  0.927067   0.0
436      0.572947   0.984330  0.925926   0.0
437      0.574261   0.984330  0.925926   0.0
438      0.575575   0.984330  0.925926   0.0
439      0.576889   0.984330  0.925926   0.0
440      0.578203   0.984330  0.925926   0.0
441      0.579517   0.985416  0.925926   0.0
442      0.580831   0.986650  0.925926   0.0
443      0.582145   0.987179  0.925926   0.0
444      0.583459   0.987179  0.925926   0.0
445      0.584773   0.987179  0.925926   0.0
446      0.586087   0.987179  0.935841   0.0
447      0.587401   0.987179  0.931406   0.0
448      0.588715   0.988186  0.937566   0.0
449      0.590029   0.989417  0.944444   0.0
450      0.591343   0.989820  0.944444   0.0
451      0.592657   0.987279  0.944444   0.0
452      0.593971   0.987179  0.944444   0.0
453      0.595285   0.987179  0.925926   0.0
454      0.596600   0.986876  0.925926   0.0
455      0.597914   0.985755  0.911926   0.0
456      0.599228   0.985370  0.907407   0.0
457      0.600542   0.984793  0.907407   0.0
458      0.601856   0.985880  0.907407   0.0
459      0.603170   0.985781  0.907407   0.0
460      0.604484   0.984330  0.907407   0.0
461      0.605798   0.984330  0.915223   0.0
462      0.607112   0.984044  0.925926   0.0
463      0.608426   0.983069  0.925926   0.0
464      0.609740   0.984009  0.925926   0.0
465      0.611054   0.985684  0.929313   0.0
466      0.612368   0.985197  0.947340   0.0
467      0.613682   0.984587  0.962963   0.0
468      0.614996   0.985618  0.962963   0.0
469      0.616310   0.986619  0.962963   0.0
470      0.617624   0.986762  0.962963   0.0
471      0.618938   0.985772  0.962963   0.0
472      0.620252   0.986232  0.962963   0.0
473      0.621566   0.987364  0.962963   0.0
474      0.622880   0.987932  0.962963   0.0
475      0.624194   0.987658  0.962963   0.0
476      0.625508   0.988604  0.962963   0.0
477      0.626822   0.989141  0.955978   0.0
478      0.628136   0.990028  0.944444   0.0
479      0.629450   0.989129  0.953234   0.0
480      0.630764   0.989715  0.962963   0.0
481      0.632078   0.988793  0.962963   0.0
482      0.633392   0.989304  0.962963   0.0
483      0.634706   0.991453  0.962963   0.0
484      0.636020   0.991453  0.962963   0.0
485      0.637334   0.992877  0.962963   0.0
486      0.638648   0.992172  0.962963   0.0
487      0.639962   0.991453  0.962963   0.0
488      0.641276   0.992877  0.962963   0.0
489      0.642591   0.992877  0.962963   0.0
490      0.643905   0.993755  0.962963   0.0
491      0.645219   0.993790  0.961173   0.0
492      0.646533   0.992934  0.950776   0.0
493      0.647847   0.994864  0.951481   0.0
494      0.649161   0.994326  0.962963   0.0
495      0.650475   0.994106  0.962963   0.0
496      0.651789   0.994302  0.962963   0.0
497      0.653103   0.994860  0.981481   0.0
498      0.654417   0.995726  0.981481   0.0
499      0.655731   0.995726  0.981481   0.0
avg_var_sel_results
     runtime_frac  cross_acc  true_acc  diff
0    6.930912e-08   0.420714  0.355723   0.0
1    1.314159e-03   0.765454  0.754485   0.0
2    2.628249e-03   0.756066  0.851852   0.0
3    3.942338e-03   0.780271  0.853048   0.0
4    5.256428e-03   0.817400  0.841577   0.0
5    6.570517e-03   0.831714  0.862583   0.0
6    7.884607e-03   0.833204  0.882921   0.0
7    9.198697e-03   0.831122  0.875195   0.0
8    1.051279e-02   0.833075  0.886403   0.0
9    1.182688e-02   0.833497  0.874500   0.0
10   1.314097e-02   0.837012  0.902013   0.0
11   1.445506e-02   0.850256  0.894495   0.0
12   1.576914e-02   0.861558  0.883383   0.0
13   1.708323e-02   0.869218  0.888889   0.0
14   1.839732e-02   0.869510  0.888889   0.0
15   1.971141e-02   0.866503  0.891684   0.0
16   2.102550e-02   0.862328  0.904903   0.0
17   2.233959e-02   0.879530  0.902899   0.0
18   2.365368e-02   0.888593  0.909514   0.0
19   2.496777e-02   0.888359  0.923599   0.0
20   2.628186e-02   0.881285  0.939774   0.0
21   2.759595e-02   0.888678  0.915120   0.0
22   2.891004e-02   0.891275  0.907407   0.0
23   3.022413e-02   0.888721  0.907407   0.0
24   3.153822e-02   0.885496  0.922978   0.0
25   3.285231e-02   0.882193  0.951552   0.0
26   3.416640e-02   0.883454  0.931216   0.0
27   3.548049e-02   0.889671  0.944681   0.0
28   3.679458e-02   0.893312  0.969722   0.0
29   3.810867e-02   0.894071  0.979687   0.0
30   3.942276e-02   0.894587  0.976816   0.0
31   4.073685e-02   0.894478  0.962254   0.0
32   4.205094e-02   0.890259  0.947991   0.0
33   4.336503e-02   0.882309  0.943228   0.0
34   4.467912e-02   0.873154  0.911779   0.0
35   4.599321e-02   0.870346  0.888889   0.0
36   4.730730e-02   0.868837  0.888889   0.0
37   4.862139e-02   0.867298  0.888889   0.0
38   4.993548e-02   0.871848  0.900602   0.0
39   5.124956e-02   0.877063  0.920787   0.0
40   5.256365e-02   0.875448  0.916015   0.0
41   5.387774e-02   0.873314  0.907423   0.0
42   5.519183e-02   0.876075  0.914978   0.0
43   5.650592e-02   0.880598  0.930541   0.0
44   5.782001e-02   0.884791  0.935233   0.0
45   5.913410e-02   0.881352  0.907407   0.0
46   6.044819e-02   0.879132  0.907407   0.0
47   6.176228e-02   0.880468  0.920845   0.0
48   6.307637e-02   0.882766  0.937612   0.0
49   6.439046e-02   0.887618  0.954744   0.0
50   6.570455e-02   0.890125  0.951792   0.0
51   6.701864e-02   0.891345  0.944444   0.0
52   6.833273e-02   0.889711  0.944444   0.0
53   6.964682e-02   0.883964  0.935812   0.0
54   7.096091e-02   0.882353  0.925926   0.0
55   7.227500e-02   0.882442  0.925926   0.0
56   7.358909e-02   0.883883  0.934335   0.0
57   7.490318e-02   0.890478  0.969106   0.0
58   7.621727e-02   0.895701  0.988909   0.0
59   7.753136e-02   0.898781  0.999137   0.0
60   7.884545e-02   0.895970  0.991337   0.0
61   8.015954e-02   0.892960  0.981875   0.0
62   8.147363e-02   0.896131  0.981481   0.0
63   8.278772e-02   0.898132  0.981481   0.0
64   8.410181e-02   0.901864  0.981481   0.0
65   8.541590e-02   0.904757  0.981481   0.0
66   8.672998e-02   0.910124  0.972988   0.0
67   8.804407e-02   0.916080  0.960919   0.0
68   8.935816e-02   0.912337  0.960670   0.0
69   9.067225e-02   0.909381  0.965845   0.0
70   9.198634e-02   0.912332  0.972797   0.0
71   9.330043e-02   0.914544  0.979749   0.0
72   9.461452e-02   0.914242  0.968121   0.0
73   9.592861e-02   0.916273  0.962963   0.0
74   9.724270e-02   0.918599  0.962963   0.0
75   9.855679e-02   0.917395  0.962963   0.0
76   9.987088e-02   0.916015  0.960029   0.0
77   1.011850e-01   0.913430  0.948008   0.0
78   1.024991e-01   0.911420  0.957620   0.0
79   1.038131e-01   0.913152  0.948610   0.0
80   1.051272e-01   0.912711  0.944444   0.0
81   1.064413e-01   0.912037  0.944444   0.0
82   1.077554e-01   0.907951  0.944444   0.0
83   1.090695e-01   0.905983  0.944444   0.0
84   1.103836e-01   0.906453  0.944444   0.0
85   1.116977e-01   0.910570  0.944444   0.0
86   1.130118e-01   0.912635  0.944444   0.0
87   1.143259e-01   0.913941  0.944444   0.0
88   1.156400e-01   0.916235  0.944444   0.0
89   1.169540e-01   0.918022  0.944444   0.0
90   1.182681e-01   0.920506  0.944444   0.0
91   1.195822e-01   0.920523  0.944444   0.0
92   1.208963e-01   0.918437  0.944444   0.0
93   1.222104e-01   0.919587  0.944444   0.0
94   1.235245e-01   0.921820  0.940914   0.0
95   1.248386e-01   0.921839  0.924637   0.0
96   1.261527e-01   0.921657  0.910101   0.0
97   1.274668e-01   0.916868  0.916686   0.0
98   1.287809e-01   0.912169  0.925087   0.0
99   1.300949e-01   0.915572  0.915005   0.0
100  1.314090e-01   0.919127  0.912969   0.0
101  1.327231e-01   0.920950  0.925926   0.0
102  1.340372e-01   0.920228  0.933662   0.0
103  1.353513e-01   0.920769  0.944444   0.0
104  1.366654e-01   0.923291  0.944444   0.0
105  1.379795e-01   0.927635  0.954133   0.0
106  1.392936e-01   0.932105  0.966582   0.0
107  1.406077e-01   0.934584  0.974122   0.0
108  1.419217e-01   0.937079  0.981481   0.0
109  1.432358e-01   0.938599  0.981481   0.0
110  1.445499e-01   0.939122  0.981481   0.0
111  1.458640e-01   0.938146  0.981481   0.0
112  1.471781e-01   0.937585  0.981481   0.0
113  1.484922e-01   0.937296  0.981481   0.0
114  1.498063e-01   0.935350  0.981481   0.0
115  1.511204e-01   0.939351  0.981481   0.0
116  1.524345e-01   0.944230  0.981481   0.0
117  1.537486e-01   0.946674  0.979876   0.0
118  1.550626e-01   0.949116  0.965385   0.0
119  1.563767e-01   0.951979  0.962963   0.0
120  1.576908e-01   0.956169  0.962963   0.0
121  1.590049e-01   0.951667  0.962963   0.0
122  1.603190e-01   0.950859  0.964731   0.0
123  1.616331e-01   0.951346  0.974759   0.0
124  1.629472e-01   0.949831  0.981481   0.0
125  1.642613e-01   0.948885  0.981481   0.0
126  1.655754e-01   0.949989  0.981481   0.0
127  1.668895e-01   0.952531  0.981481   0.0
128  1.682035e-01   0.950531  0.981481   0.0
129  1.695176e-01   0.951466  0.981481   0.0
130  1.708317e-01   0.954281  0.981481   0.0
131  1.721458e-01   0.958283  0.981481   0.0
132  1.734599e-01   0.960114  0.981481   0.0
133  1.747740e-01   0.960775  0.981481   0.0
134  1.760881e-01   0.962714  0.974809   0.0
135  1.774022e-01   0.963981  0.969793   0.0
136  1.787163e-01   0.962650  0.981481   0.0
137  1.800303e-01   0.963191  0.975705   0.0
138  1.813444e-01   0.966296  0.963610   0.0
139  1.826585e-01   0.969167  0.963972   0.0
140  1.839726e-01   0.970085  0.981239   0.0
141  1.852867e-01   0.970085  0.970619   0.0
142  1.866008e-01   0.970021  0.962963   0.0
143  1.879149e-01   0.967931  0.962963   0.0
144  1.892290e-01   0.969166  0.962963   0.0
145  1.905431e-01   0.968955  0.962963   0.0
146  1.918572e-01   0.970506  0.962963   0.0
147  1.931712e-01   0.971510  0.944444   0.0
148  1.944853e-01   0.971333  0.946747   0.0
149  1.957994e-01   0.966381  0.956443   0.0
150  1.971135e-01   0.965226  0.960028   0.0
151  1.984276e-01   0.966119  0.951065   0.0
152  1.997417e-01   0.967392  0.944444   0.0
153  2.010558e-01   0.966853  0.944444   0.0
154  2.023699e-01   0.968054  0.944444   0.0
155  2.036840e-01   0.968188  0.944444   0.0
156  2.049981e-01   0.966856  0.944444   0.0
157  2.063121e-01   0.965914  0.944444   0.0
158  2.076262e-01   0.963514  0.944444   0.0
159  2.089403e-01   0.965398  0.944444   0.0
160  2.102544e-01   0.965986  0.944444   0.0
161  2.115685e-01   0.964563  0.944444   0.0
162  2.128826e-01   0.964963  0.951927   0.0
163  2.141967e-01   0.965644  0.960781   0.0
164  2.155108e-01   0.965391  0.962963   0.0
165  2.168249e-01   0.965529  0.962963   0.0
166  2.181389e-01   0.964533  0.962963   0.0
167  2.194530e-01   0.966571  0.979256   0.0
168  2.207671e-01   0.969001  0.970308   0.0
169  2.220812e-01   0.970085  0.962963   0.0
170  2.233953e-01   0.969479  0.962963   0.0
171  2.247094e-01   0.967500  0.962963   0.0
172  2.260235e-01   0.969534  0.968762   0.0
173  2.273376e-01   0.968661  0.981481   0.0
174  2.286517e-01   0.968661  0.981481   0.0
175  2.299658e-01   0.968661  0.981481   0.0
176  2.312798e-01   0.969183  0.981481   0.0
177  2.325939e-01   0.970418  0.981481   0.0
178  2.339080e-01   0.969231  0.981481   0.0
179  2.352221e-01   0.972100  0.981481   0.0
180  2.365362e-01   0.974426  0.981481   0.0
181  2.378503e-01   0.975344  0.981481   0.0
182  2.391644e-01   0.974592  0.981481   0.0
183  2.404785e-01   0.971875  0.981481   0.0
184  2.417926e-01   0.971568  0.981481   0.0
185  2.431067e-01   0.970427  0.981481   0.0
186  2.444207e-01   0.969887  0.981481   0.0
187  2.457348e-01   0.970608  0.981481   0.0
188  2.470489e-01   0.971422  0.981481   0.0
189  2.483630e-01   0.969614  0.981481   0.0
190  2.496771e-01   0.970899  0.981481   0.0
191  2.509912e-01   0.972110  0.981481   0.0
192  2.523053e-01   0.973808  0.981481   0.0
193  2.536194e-01   0.975037  0.981481   0.0
194  2.549335e-01   0.974359  0.981481   0.0
195  2.562475e-01   0.974359  0.981481   0.0
196  2.575616e-01   0.975409  0.981481   0.0
197  2.588757e-01   0.977208  0.981481   0.0
198  2.601898e-01   0.977208  0.981481   0.0
199  2.615039e-01   0.980189  0.981481   0.0
200  2.628180e-01   0.979230  0.981481   0.0
201  2.641321e-01   0.981085  0.981481   0.0
202  2.654462e-01   0.978819  0.981481   0.0
203  2.667603e-01   0.980057  0.981481   0.0
204  2.680744e-01   0.978797  0.981481   0.0
205  2.693884e-01   0.978632  0.981481   0.0
206  2.707025e-01   0.977751  0.981481   0.0
207  2.720166e-01   0.977208  0.981481   0.0
208  2.733307e-01   0.977208  0.981481   0.0
209  2.746448e-01   0.977208  0.981481   0.0
210  2.759589e-01   0.977208  0.981481   0.0
211  2.772730e-01   0.977208  0.981481   0.0
212  2.785871e-01   0.977696  0.981481   0.0
213  2.799012e-01   0.978632  0.981481   0.0
214  2.812152e-01   0.978910  0.981481   0.0
215  2.825293e-01   0.979829  0.981481   0.0
216  2.838434e-01   0.980057  0.981481   0.0
217  2.851575e-01   0.980057  0.981481   0.0
218  2.864716e-01   0.980057  0.981481   0.0
219  2.877857e-01   0.980057  0.981481   0.0
220  2.890998e-01   0.979841  0.981481   0.0
221  2.904139e-01   0.979368  0.981481   0.0
222  2.917280e-01   0.978995  0.981481   0.0
223  2.930421e-01   0.978162  0.981481   0.0
224  2.943561e-01   0.977208  0.981481   0.0
225  2.956702e-01   0.978077  1.000000   0.0
226  2.969843e-01   0.977747  1.000000   0.0
227  2.982984e-01   0.978632  1.000000   0.0
228  2.996125e-01   0.978632  1.000000   0.0
229  3.009266e-01   0.978632  1.000000   0.0
230  3.022407e-01   0.978632  1.000000   0.0
231  3.035548e-01   0.978632  1.000000   0.0
232  3.048689e-01   0.978632  1.000000   0.0
233  3.061830e-01   0.977453  0.984662   0.0
234  3.074970e-01   0.977208  0.981481   0.0
235  3.088111e-01   0.977208  0.981481   0.0
236  3.101252e-01   0.977208  0.981481   0.0
237  3.114393e-01   0.977208  0.981481   0.0
238  3.127534e-01   0.977208  0.981481   0.0
239  3.140675e-01   0.977208  0.981481   0.0
240  3.153816e-01   0.977208  0.981481   0.0
241  3.166957e-01   0.977208  0.981481   0.0
242  3.180098e-01   0.977208  0.981481   0.0
243  3.193238e-01   0.977208  0.981481   0.0
244  3.206379e-01   0.977614  0.981481   0.0
245  3.219520e-01   0.978078  0.981481   0.0
246  3.232661e-01   0.975783  0.981481   0.0
247  3.245802e-01   0.975783  0.981481   0.0
248  3.258943e-01   0.976259  0.981481   0.0
249  3.272084e-01   0.977101  0.981481   0.0
250  3.285225e-01   0.977208  0.981481   0.0
251  3.298366e-01   0.978471  0.981481   0.0
252  3.311507e-01   0.978981  0.982254   0.0
253  3.324647e-01   0.980873  1.000000   0.0
254  3.337788e-01   0.982906  1.000000   0.0
255  3.350929e-01   0.984677  1.000000   0.0
256  3.364070e-01   0.990533  1.000000   0.0
257  3.377211e-01   0.991453  1.000000   0.0
258  3.390352e-01   0.990028  1.000000   0.0
259  3.403493e-01   0.991453  1.000000   0.0
260  3.416634e-01   0.991375  1.000000   0.0
261  3.429775e-01   0.990028  1.000000   0.0
262  3.442916e-01   0.990028  1.000000   0.0
263  3.456056e-01   0.990923  1.000000   0.0
264  3.469197e-01   0.990028  1.000000   0.0
265  3.482338e-01   0.991410  0.999439   0.0
266  3.495479e-01   0.990028  0.986921   0.0
267  3.508620e-01   0.991197  1.000000   0.0
268  3.521761e-01   0.991453  0.981133   0.0
269  3.534902e-01   0.991453  0.962963   0.0
270  3.548043e-01   0.990061  0.962963   0.0
271  3.561184e-01   0.990028  0.962963   0.0
272  3.574324e-01   0.991167  0.962963   0.0
273  3.587465e-01   0.991474  0.962963   0.0
274  3.600606e-01   0.991761  0.962963   0.0
275  3.613747e-01   0.991228  0.962963   0.0
276  3.626888e-01   0.993472  0.962963   0.0
277  3.640029e-01   0.994302  0.962963   0.0
278  3.653170e-01   0.994302  0.962963   0.0
279  3.666311e-01   0.994302  0.962963   0.0
280  3.679452e-01   0.994302  0.962963   0.0
281  3.692593e-01   0.994302  0.962963   0.0
282  3.705733e-01   0.994302  0.962963   0.0
283  3.718874e-01   0.994302  0.962963   0.0
284  3.732015e-01   0.994302  0.962963   0.0
285  3.745156e-01   0.994302  0.962963   0.0
286  3.758297e-01   0.994302  0.962963   0.0
287  3.771438e-01   0.994302  0.962963   0.0
288  3.784579e-01   0.994302  0.962963   0.0
289  3.797720e-01   0.994302  0.962963   0.0
290  3.810861e-01   0.994302  0.962963   0.0
291  3.824002e-01   0.994302  0.962963   0.0
292  3.837142e-01   0.994302  0.962963   0.0
293  3.850283e-01   0.994302  0.962963   0.0
294  3.863424e-01   0.994302  0.962963   0.0
295  3.876565e-01   0.994302  0.962963   0.0
296  3.889706e-01   0.994302  0.962963   0.0
297  3.902847e-01   0.994302  0.962963   0.0
298  3.915988e-01   0.994302  0.962963   0.0
299  3.929129e-01   0.994302  0.962963   0.0
300  3.942270e-01   0.994302  0.962963   0.0
301  3.955410e-01   0.994302  0.962963   0.0
302  3.968551e-01   0.994302  0.962963   0.0
303  3.981692e-01   0.994302  0.962963   0.0
304  3.994833e-01   0.994302  0.962963   0.0
305  4.007974e-01   0.994302  0.962963   0.0
306  4.021115e-01   0.994302  0.962963   0.0
307  4.034256e-01   0.994302  0.962963   0.0
308  4.047397e-01   0.994302  0.962963   0.0
309  4.060538e-01   0.994302  0.962963   0.0
310  4.073679e-01   0.994302  0.962963   0.0
311  4.086819e-01   0.994302  0.962963   0.0
312  4.099960e-01   0.994302  0.962963   0.0
313  4.113101e-01   0.994302  0.962963   0.0
314  4.126242e-01   0.994302  0.962963   0.0
315  4.139383e-01   0.994302  0.962963   0.0
316  4.152524e-01   0.994302  0.962963   0.0
317  4.165665e-01   0.994302  0.962963   0.0
318  4.178806e-01   0.994302  0.962963   0.0
319  4.191947e-01   0.994302  0.962963   0.0
320  4.205088e-01   0.994302  0.962963   0.0
321  4.218228e-01   0.994302  0.962963   0.0
322  4.231369e-01   0.994302  0.962963   0.0
323  4.244510e-01   0.994302  0.962963   0.0
324  4.257651e-01   0.994302  0.962963   0.0
325  4.270792e-01   0.994302  0.962963   0.0
326  4.283933e-01   0.994302  0.962963   0.0
327  4.297074e-01   0.994302  0.962963   0.0
328  4.310215e-01   0.994302  0.962963   0.0
329  4.323356e-01   0.994302  0.962963   0.0
330  4.336496e-01   0.994302  0.962963   0.0
331  4.349637e-01   0.994302  0.962963   0.0
332  4.362778e-01   0.994302  0.962963   0.0
333  4.375919e-01   0.994302  0.962963   0.0
334  4.389060e-01   0.994302  0.962963   0.0
335  4.402201e-01   0.994302  0.962963   0.0
336  4.415342e-01   0.994302  0.962963   0.0
337  4.428483e-01   0.994302  0.962963   0.0
338  4.441624e-01   0.994302  0.962963   0.0
339  4.454765e-01   0.994302  0.962963   0.0
340  4.467905e-01   0.994302  0.962963   0.0
341  4.481046e-01   0.994302  0.962963   0.0
342  4.494187e-01   0.994302  0.962963   0.0
343  4.507328e-01   0.994302  0.962963   0.0
344  4.520469e-01   0.994302  0.962963   0.0
345  4.533610e-01   0.994302  0.962963   0.0
346  4.546751e-01   0.994302  0.962963   0.0
347  4.559892e-01   0.994302  0.962963   0.0
348  4.573033e-01   0.994302  0.962963   0.0
349  4.586173e-01   0.994302  0.962963   0.0
350  4.599314e-01   0.994302  0.962963   0.0
351  4.612455e-01   0.994302  0.962963   0.0
352  4.625596e-01   0.994302  0.962963   0.0
353  4.638737e-01   0.994302  0.962963   0.0
354  4.651878e-01   0.994302  0.962963   0.0
355  4.665019e-01   0.994302  0.962963   0.0
356  4.678160e-01   0.994302  0.962963   0.0
357  4.691301e-01   0.994302  0.962963   0.0
358  4.704442e-01   0.994302  0.962963   0.0
359  4.717582e-01   0.994302  0.962963   0.0
360  4.730723e-01   0.994302  0.962963   0.0
361  4.743864e-01   0.994302  0.962963   0.0
362  4.757005e-01   0.994302  0.962963   0.0
363  4.770146e-01   0.994302  0.962963   0.0
364  4.783287e-01   0.994302  0.962963   0.0
365  4.796428e-01   0.994302  0.962963   0.0
366  4.809569e-01   0.994302  0.962963   0.0
367  4.822710e-01   0.994302  0.962963   0.0
368  4.835851e-01   0.994302  0.962963   0.0
369  4.848991e-01   0.994302  0.962963   0.0
370  4.862132e-01   0.994302  0.962963   0.0
371  4.875273e-01   0.994302  0.962963   0.0
372  4.888414e-01   0.994302  0.962963   0.0
373  4.901555e-01   0.994302  0.962963   0.0
374  4.914696e-01   0.994302  0.962963   0.0
375  4.927837e-01   0.994302  0.962963   0.0
376  4.940978e-01   0.994302  0.962963   0.0
377  4.954119e-01   0.994302  0.962963   0.0
378  4.967259e-01   0.994302  0.962963   0.0
379  4.980400e-01   0.994302  0.962963   0.0
380  4.993541e-01   0.994302  0.962963   0.0
381  5.006682e-01   0.994302  0.962963   0.0
382  5.019823e-01   0.994302  0.962963   0.0
383  5.032964e-01   0.994302  0.962963   0.0
384  5.046105e-01   0.994302  0.962963   0.0
385  5.059246e-01   0.994302  0.962963   0.0
386  5.072387e-01   0.994302  0.962963   0.0
387  5.085528e-01   0.994302  0.962963   0.0
388  5.098668e-01   0.994302  0.962963   0.0
389  5.111809e-01   0.994302  0.962963   0.0
390  5.124950e-01   0.994302  0.966387   0.0
391  5.138091e-01   0.994302  0.970696   0.0
392  5.151232e-01   0.994302  0.975006   0.0
393  5.164373e-01   0.994302  0.979315   0.0
394  5.177514e-01   0.994302  0.981481   0.0
395  5.190655e-01   0.994302  0.981481   0.0
396  5.203796e-01   0.994302  0.981481   0.0
397  5.216937e-01   0.994302  0.981481   0.0
398  5.230077e-01   0.994302  0.981481   0.0
399  5.243218e-01   0.994302  0.981481   0.0
400  5.256359e-01   0.994302  0.981481   0.0
401  5.269500e-01   0.994302  0.981481   0.0
402  5.282641e-01   0.994302  0.981481   0.0
403  5.295782e-01   0.994302  0.981481   0.0
404  5.308923e-01   0.994302  0.981481   0.0
405  5.322064e-01   0.994302  0.981481   0.0
406  5.335205e-01   0.994302  0.981481   0.0
407  5.348345e-01   0.994302  0.981481   0.0
408  5.361486e-01   0.994302  0.981481   0.0
409  5.374627e-01   0.994302  0.981481   0.0
410  5.387768e-01   0.994302  0.981481   0.0
411  5.400909e-01   0.994302  0.981481   0.0
412  5.414050e-01   0.994302  0.981481   0.0
413  5.427191e-01   0.994302  0.981481   0.0
414  5.440332e-01   0.994302  0.981481   0.0
415  5.453473e-01   0.994302  0.981481   0.0
416  5.466614e-01   0.994302  0.981481   0.0
417  5.479754e-01   0.994302  0.981481   0.0
418  5.492895e-01   0.994302  0.981481   0.0
419  5.506036e-01   0.994302  0.981481   0.0
420  5.519177e-01   0.994302  0.981481   0.0
421  5.532318e-01   0.994302  0.981481   0.0
422  5.545459e-01   0.994302  0.981481   0.0
423  5.558600e-01   0.994302  0.981481   0.0
424  5.571741e-01   0.994302  0.981481   0.0
425  5.584882e-01   0.994302  0.981481   0.0
426  5.598023e-01   0.994302  0.981481   0.0
427  5.611163e-01   0.994302  0.981481   0.0
428  5.624304e-01   0.994302  0.981481   0.0
429  5.637445e-01   0.994302  0.981481   0.0
430  5.650586e-01   0.994302  0.981481   0.0
431  5.663727e-01   0.994302  0.981481   0.0
432  5.676868e-01   0.994302  0.981481   0.0
433  5.690009e-01   0.994302  0.981481   0.0
434  5.703150e-01   0.994302  0.981481   0.0
435  5.716291e-01   0.994302  0.981481   0.0
436  5.729431e-01   0.994302  0.981481   0.0
437  5.742572e-01   0.994302  0.981481   0.0
438  5.755713e-01   0.994302  0.981481   0.0
439  5.768854e-01   0.994302  0.981481   0.0
440  5.781995e-01   0.994302  0.981481   0.0
441  5.795136e-01   0.994302  0.981481   0.0
442  5.808277e-01   0.994302  0.981481   0.0
443  5.821418e-01   0.994302  0.981481   0.0
444  5.834559e-01   0.994302  0.981481   0.0
445  5.847700e-01   0.994302  0.981481   0.0
446  5.860840e-01   0.994302  0.981481   0.0
447  5.873981e-01   0.994302  0.981481   0.0
448  5.887122e-01   0.994302  0.981481   0.0
449  5.900263e-01   0.994302  0.981481   0.0
450  5.913404e-01   0.994302  0.981481   0.0
451  5.926545e-01   0.994302  0.981481   0.0
452  5.939686e-01   0.994302  0.981481   0.0
453  5.952827e-01   0.994302  0.981481   0.0
454  5.965968e-01   0.994302  0.981481   0.0
455  5.979109e-01   0.994302  0.981481   0.0
456  5.992249e-01   0.994302  0.981481   0.0
457  6.005390e-01   0.994302  0.981481   0.0
458  6.018531e-01   0.994302  0.981481   0.0
459  6.031672e-01   0.994302  0.981481   0.0
460  6.044813e-01   0.994302  0.981481   0.0
461  6.057954e-01   0.994302  0.981481   0.0
462  6.071095e-01   0.994302  0.981481   0.0
463  6.084236e-01   0.994302  0.981481   0.0
464  6.097377e-01   0.994302  0.981481   0.0
465  6.110517e-01   0.994302  0.981481   0.0
466  6.123658e-01   0.994302  0.981481   0.0
467  6.136799e-01   0.994302  0.981481   0.0
468  6.149940e-01   0.994302  0.981481   0.0
469  6.163081e-01   0.994302  0.981481   0.0
470  6.176222e-01   0.994302  0.981481   0.0
471  6.189363e-01   0.994302  0.981481   0.0
472  6.202504e-01   0.994302  0.981481   0.0
473  6.215645e-01   0.994302  0.981481   0.0
474  6.228786e-01   0.994302  0.981481   0.0
475  6.241926e-01   0.994302  0.981481   0.0
476  6.255067e-01   0.994302  0.981481   0.0
477  6.268208e-01   0.994302  0.981481   0.0
478  6.281349e-01   0.994302  0.981481   0.0
479  6.294490e-01   0.994302  0.981481   0.0
480  6.307631e-01   0.994302  0.981481   0.0
481  6.320772e-01   0.994302  0.981481   0.0
482  6.333913e-01   0.994302  0.981481   0.0
483  6.347054e-01   0.994302  0.981481   0.0
484  6.360194e-01   0.994302  0.981481   0.0
485  6.373335e-01   0.994302  0.981481   0.0
486  6.386476e-01   0.994302  0.981481   0.0
487  6.399617e-01   0.994302  0.981481   0.0
488  6.412758e-01   0.994302  0.981481   0.0
489  6.425899e-01   0.994302  0.981481   0.0
490  6.439040e-01   0.994302  0.981481   0.0
491  6.452181e-01   0.994302  0.981481   0.0
492  6.465322e-01   0.994302  0.981481   0.0
493  6.478463e-01   0.994302  0.981481   0.0
494  6.491603e-01   0.994302  0.981481   0.0
495  6.504744e-01   0.994302  0.981481   0.0
496  6.517885e-01   0.994302  0.981481   0.0
497  6.531026e-01   0.993771  0.981481   0.0
498  6.544167e-01   0.993201  0.981481   0.0
499  6.557308e-01   0.992877  0.981481   0.0