cross accuracy 0,9231
difference 5.5417

runtime fraction is 0.10009148754117851
cross accuracy is 0.9230769230769231
actual key is gxrizqhfywujodvcpAabsknmtle
pred key is   xgziyhrqwfsujodcvpAabktlmne
difference of both scores is 5.541748046875
took 198.4145207s
here is the calculated threshold vector:
274.9367980957031,
4996.13720703125,
4995.0087890625,
4995.6826171875,
4996.24560546875,
279.4315490722656,
304.58245849609375,
4986.40673828125,
306.4133605957031,
4997.12841796875,
69.21031188964844,
4997.29296875,
515.7706298828125,
198.35702514648438,
4996.552734375,
4998.4208984375,
220.84210205078125,
4997.68212890625,
4999.9951171875,
4989.669921875,
4995.4501953125,
164.631591796875,
4999.3359375,
96.087646484375,
4987.09619140625,
4992.23828125,
4994.0087890625,
4996.76025390625,
4979.73583984375,
2005.956787109375,
4978.63427734375,
4996.84228515625,
4999.08056640625,
4998.2412109375,
1455.69384765625,
4984.33740234375,
4995.845703125,
4975.095703125,
4997.48681640625,
4999.14111328125,
3565.66650390625,
1996.4576416015625,
4993.970703125,
373.9297790527344,
110.36026763916016,
928.6076049804688,
4999.85693359375,
4998.93212890625,
4996.4189453125,
4996.5791015625,
490.26556396484375,
259.88385009765625,
4999.58349609375,
4998.9599609375,
331.86492919921875,
4995.56884765625,
4992.62060546875,
4997.17724609375,
4979.83056640625,
4991.228515625,
4998.65771484375,
4999.84423828125,
1032.471923828125,
351.8326110839844,
516.8306884765625,
468.1866149902344,
74.78009033203125,
4991.162109375,
4982.76171875,
4992.1552734375,
1348.4459228515625,
4997.35302734375,
4985.298828125,
632.3638305664062,
1960.338623046875,
284.30291748046875,
356.86846923828125,
4993.39013671875,
4979.02978515625,
244.13137817382812,
4996.6904296875,
382.4393310546875,
4985.55224609375,
4991.203125,
4997.2978515625,
17.06724739074707,
4986.076171875,
4998.888671875,
4996.701171875,
932.2206420898438,
4976.3330078125,
4996.66552734375,
4999.4287109375,
4999.494140625,
254.3152618408203,
4999.40185546875,
135.3354034423828,
430.7760009765625,
2499.161865234375,
4993.8974609375,
4996.5244140625,
276.75213623046875,
1131.23193359375,
4995.31494140625,
2182.6953125,
4998.62353515625,
4999.861328125,
4217.451171875,
4999.99365234375,
4998.90087890625,
4999.3818359375,
359.13299560546875,
4996.603515625,
4986.50244140625,
442.8261413574219,
1936.733154296875,
181.00375366210938,
4998.07373046875,
924.73828125,
645.7395629882812,
0.0,
685.2463989257812,
4997.61962890625,
458.4339904785156,
4991.0625,
4994.54150390625,
438.5162658691406,
4995.55078125,
4993.01416015625,
156.40647888183594,
4996.77490234375,
294.0268859863281,
244.2986297607422,
4992.63037109375,
4971.27001953125,
552.3638305664062,
350.0220947265625,
345.3400573730469,
4999.96923828125,
4998.470703125,
4992.025390625,
4997.8916015625,
4997.1552734375,
343.3953552246094,
287.3553466796875,
4975.6416015625,
4997.5908203125,
4995.33251953125,
4998.38623046875,
4986.7568359375,
135.3591766357422,
4997.4462890625,
897.6502075195312,
4998.60498046875,
4995.3984375,
4987.97265625,
4999.1591796875,
4996.875,
4999.78369140625,
4999.77490234375,
4999.6337890625,
4994.75048828125,
1116.843994140625,
94.69475555419922,
4955.3544921875,
316.3623046875,
663.4630126953125,
4999.8447265625,
4993.0595703125,
484.1458740234375,
180.99940490722656,
4962.1015625,
4999.8876953125,
305.51629638671875,
4985.634765625,
4995.35205078125,
778.4249267578125,
4514.65869140625,
1497.37158203125,
4999.7919921875,
4999.79150390625,
639.5596923828125,
4996.29052734375,
2844.06201171875,
4961.1611328125,
3259.572998046875,
182.54391479492188,
2664.81005859375,
4999.8349609375,
868.1448974609375,
4997.56982421875,
4998.86376953125,
0.0,
4995.68408203125,
2665.21533203125,
406.90972900390625,
374.80621337890625,
4969.81591796875,
244.1067352294922,
4995.6103515625,
4999.4619140625,
221.17733764648438,
4994.95361328125,
4998.6689453125,
4995.78466796875,
2052.32861328125,
487.6251525878906,
4970.50927734375,
4639.09814453125,
4979.7060546875,
4958.04638671875,
4999.90234375,
4994.3125,
1114.39306640625,
4971.85693359375,
4998.99169921875,
4949.77685546875,
4981.0009765625,
4990.45361328125,
4987.962890625,
1899.5447998046875,
4995.5908203125,
4999.1328125,
4997.51416015625,
1827.9136962890625,
4993.701171875,
4983.3125,
4985.01416015625,
0.0,
4985.11328125,
395.1103515625,
4996.7744140625,
397.70281982421875,
283.4477233886719,
4989.03271484375,
4999.9814453125,
1459.08349609375,
4950.54931640625,
281.9365539550781,
4992.35400390625,
419.81036376953125,
4974.2216796875,
288.8658142089844,
494.7958984375,
665.0353393554688,
805.3523559570312,
4999.49462890625,
4997.76171875,
4999.72607421875,
4840.068359375,
245.28147888183594,
4998.81005859375,
186.19129943847656,
4953.43798828125,
4999.82861328125,
4999.84912109375,
3517.326416015625,
3405.906982421875,
4961.326171875,
4996.6025390625,
692.1585693359375,
204.944091796875,
4996.31103515625,
592.2606201171875,
4995.57470703125,
166.861572265625,
251.5607147216797,
764.0477905273438,
103.20003509521484,
4987.65087890625,
4999.26611328125,
4999.54736328125,
4964.74853515625,
4999.04248046875,
4995.150390625,
4987.63720703125,
4994.87744140625,
210.34901428222656,
4944.28857421875,
501.4864196777344,
4998.45068359375,
4962.40478515625,
443.5457458496094,
4997.1982421875,
2208.734375,
4995.2587890625,
4934.01416015625,
4998.17919921875,
2294.9248046875,
4998.755859375,
4995.0244140625,
1480.514404296875,
4983.42919921875,
4995.4306640625,
4997.166015625,
4985.36279296875,
4986.25537109375,
1171.8609619140625,
232.19381713867188,
4989.37255859375,
1725.88037109375,
4988.0693359375,
470.00811767578125,
32.636024475097656,
477.6752624511719,
4977.6279296875,
4999.58740234375,
433.2684326171875,
4992.55615234375,
4996.517578125,
3189.92041015625,
4999.01806640625,
292.2471923828125,
1195.2762451171875,
4991.560546875,
4948.06396484375,
728.5681762695312,
1491.814697265625,
4943.150390625,
4994.60546875,
4999.904296875,
4998.087890625,
711.1249389648438,
4978.458984375,
4999.92578125,
4993.6748046875,
4998.84423828125,
236.95750427246094,
2525.30126953125,
4950.408203125,
301.17669677734375,
4985.6025390625,
4999.82666015625,
1577.6575927734375,
4999.115234375,
197.754638671875,
4996.0654296875,
4998.75537109375,
4999.16162109375,
4999.921875,
2268.32080078125,
261.12310791015625,
4998.9794921875,
4999.9736328125,
823.6331176757812,
1980.878662109375,
4995.4814453125,
87.51985931396484,
4997.333984375,
507.3745422363281,
611.484619140625,
1751.5938720703125,
1941.0103759765625,
4998.7626953125,
433.1363220214844,
4991.66064453125,
2643.934814453125,
4026.722900390625,
0.0,
63.6952018737793,
334.9346008300781,
4984.9091796875,
4993.294921875,
925.594482421875,
275.4187927246094,
4993.318359375,
1096.2396240234375,
4998.17431640625,
4989.10400390625,
260.2193603515625,
3226.822021484375,
4940.509765625,
4998.64794921875,
4960.27587890625,
4984.986328125,
4991.62109375,
4995.77587890625,
4994.60791015625,
4993.54150390625,
4931.66650390625,
4999.89208984375,
4986.25,
4990.92822265625,
380.69708251953125,
606.4932250976562,
4999.01416015625,
251.0706024169922,
236.9864501953125,
4993.2060546875,
4998.96826171875,
559.5933837890625,
4993.46337890625,
4989.27197265625,
2096.072998046875,
130.23072814941406,
4981.74560546875,
4995.322265625,
4971.55126953125,
4996.203125,
4999.20947265625,
279.8744812011719,
4999.6279296875,
1640.276123046875,
272.5194091796875,
2704.18017578125,
2518.9931640625,
4988.80029296875,
4996.24951171875,
4994.2890625,
4970.2373046875,
304.8778076171875,
4976.48828125,
4987.49560546875,
386.0067138671875,
4990.70849609375,
4983.68994140625,
4999.08935546875,
4942.9013671875,
4996.87451171875,
351.5455627441406,
4995.986328125,
4965.845703125,
242.18524169921875,
4994.99609375,
4999.7958984375,
513.5234375,
4988.70556640625,
4999.27294921875,
4994.78662109375,
508.8985900878906,
4996.2451171875,
4999.33203125,
4996.72314453125,
570.4032592773438,
4983.05078125,
4985.1533203125,
429.2894592285156,
4995.34228515625,
4998.8330078125,
208.40328979492188,
238.661376953125,
324.1643371582031,
374.7502746582031,
4946.77978515625,
4966.125,
4999.912109375,
4999.98828125,
4948.9150390625,
226.1259765625,
4939.1220703125,
4997.32373046875,
4992.10693359375,
1424.565185546875,
4997.232421875,
4947.55810546875,
4998.59765625,
4999.2216796875,
4991.00537109375,
4996.6083984375,
4987.52294921875,
856.3822021484375,
317.3116149902344,
4965.7333984375,
4998.048828125,
4990.8818359375,
4886.1455078125,
4994.06884765625,
4995.66064453125,
4999.05029296875,
201.40652465820312,
4997.13525390625,
4997.5693359375,
4290.0634765625,
2201.14990234375,
0.0,
0.0,
4990.8486328125,
4993.33251953125,
85.66521453857422,
4998.8916015625,
0.0,
4987.7666015625,
281.08758544921875,
0.0,
4993.162109375,
70.5309066772461,
506.1987609863281,
144.39231872558594,
313.3646545410156,
4991.9443359375,
0.0,
0.0,
0.0,
0.0,
4996.08203125,
800.17236328125,
308.7742614746094,
0.0,
0.0,
4963.47216796875,
4987.12255859375,
4999.94775390625,
98.20931243896484,
4994.5693359375,
0.0,
4994.68505859375,
4996.70556640625,
429.9158935546875,
4994.14794921875,
563.6131591796875,
0.0,
4993.14501953125,
68.63013458251953,
4999.93701171875,
256.4974670410156,
0.0,
154.1403350830078,
0.0,
387.37255859375,
53.93179702758789,
0.0,
4987.7421875,
0.0,
0.0,
125.01371002197266,
173.4091339111328,
4984.69287109375,
0.0,
73.90137481689453,
76.11534118652344,
4997.97998046875,
0.0,
0.0,
4999.939453125,
4994.38720703125,
4991.677734375,
4998.76318359375,
0.0,
0.0,
0.0,
259.1132507324219,
0.0,
0.0,
319.8495788574219,
4999.85009765625,
4977.3515625,
4999.5078125,
4999.40087890625,
182.3447265625,
0.0,
234.70071411132812,
4999.9755859375,
4995.52880859375,
0.0,
0.0,
665.02099609375,
4995.3984375,
205.09422302246094,
312.4348449707031,
0.0,
4994.50341796875,
0.0,
4978.7490234375,
154.47003173828125,
0.0,
0.0,
0.0,
0.0,
0.0,
4992.6513671875,
0.0,
4997.9453125,
4994.822265625,
4977.27587890625,
0.0,
0.0,
128.02345275878906,
4985.453125,
146.77597045898438,
4993.6875,
0.0,
4996.4990234375,
0.0,
4999.91357421875,
305.83795166015625,
4993.96630859375,
4985.49169921875,
4999.138671875,
0.0,
0.0,
4999.76318359375,
0.0,
4997.20361328125,
4997.3916015625,
0.0,
0.0,
4996.4306640625,
0.0,
0.0,
228.11178588867188,
4971.54833984375,
0.0,
0.0,
0.0,
4999.7783203125,
0.0,
4996.59423828125,
0.0,
4999.919921875,
122.87316131591797,
4992.19677734375,
0.0,
0.0,
0.0,
1223.1402587890625,
4997.86572265625,
882.28369140625,
0.0,
4998.54052734375,
4999.96435546875,
305.9250183105469,
489.3929748535156,
140.67042541503906,
98.82763671875,
0.0,
4993.74658203125,
0.0,
308.1141052246094,
156.8697052001953,
0.0,
4984.400390625,
4996.28759765625,
164.7627410888672,
0.0,
0.0,
4993.693359375,
0.0,
4999.63232421875,
0.0,
4993.10498046875,
0.0,
0.0,
0.0,
304.13214111328125,
208.3439178466797,
934.6001586914062,
0.0,
4999.54345703125,
4998.5849609375,
4994.32568359375,
4998.44091796875,
1831.328369140625,
196.61549377441406,
0.0,
4999.4072265625,
0.0,
0.0,
4998.732421875,
4965.7138671875,
4999.31640625,
4989.9580078125,
4999.2255859375,
44.87483215332031,
0.0,
0.0,
0.0,
0.0,
4987.85986328125,
4999.568359375,
87.79280090332031,
4997.5458984375,
126.31639099121094,
0.0,
4995.287109375,
519.84033203125,
291.55926513671875,
4991.7666015625,
0.0,
4996.0400390625,
0.0,
0.0,
303.091552734375,
256.2842102050781,
0.0,
475.9783935546875,
0.0,
625.9231567382812,
4955.048828125,
4999.08642578125,
4998.826171875,
4999.16552734375,
4999.82470703125,
4998.185546875,
4999.255859375,
4988.90869140625,
207.4485321044922,
0.0,
4999.14013671875,
0.0,
170.39344787597656,
315.61785888671875,
0.0,
387.4317932128906,
4999.74658203125,
236.63497924804688,
0.0,
0.0,
0.0,
4996.2548828125,
4982.99853515625,
4998.87890625,
391.8148498535156,
4991.5693359375,
1046.9500732421875,
4998.72607421875,
788.3407592773438,
4999.64013671875,
0.0,
4997.32568359375,
0.0,
249.27053833007812,
0.0,
0.0,
0.0,
0.0,
0.0,
4986.54736328125,
4947.9677734375,
4988.2744140625,
4997.36669921875,
0.0,
0.0,
4999.92138671875,
4996.1259765625,
92.60306549072266,
4987.58056640625,
199.54891967773438,
4999.25634765625,
0.0,
0.0,
654.208740234375,
110.45722198486328,
714.9149780273438,
0.0,
4999.38525390625,
4992.64306640625,
4999.6240234375,
0.0,
1838.548583984375,
0.0,
4951.11962890625,
648.8836059570312,
0.0,
0.0,
1069.15966796875,
4998.32275390625,
0.0,
4981.64111328125,
0.0,
0.0,
154.98239135742188,
120.62357330322266,
0.0,
0.0,
0.0,
0.0,
0.0,
4999.78271484375,
0.0,
0.0,
0.0,
0.0,
0.0,
0.0,
0.0,
4998.5361328125,
0.0,
4999.50732421875,
4985.98291015625,
0.0,
4998.13232421875,
4980.986328125,
325.2963562011719,
0.0,
4999.9306640625,
0.0,
0.0,
0.0,
4983.560546875,
0.0,
56.59654998779297,
0.0,
0.0,
316.58270263671875,
4993.5283203125,
22.403793334960938,
370.8114318847656,
0.0,
635.6538696289062,
4993.5966796875,
4985.39990234375,
4999.6298828125,
4980.5859375,
4992.8916015625,
4999.84765625,
3123.421142578125,
0.0,
0.0,
0.0,
4995.73583984375,
0.0,
0.0,
237.98104858398438,
0.0,
152.56423950195312,
4999.66259765625,
4997.27001953125,
0.0,
0.0,
145.61708068847656,
4975.60400390625,
4999.82421875,
54.57957458496094,
0.0,
4997.85888671875,
421.09332275390625,
0.0,
4983.9052734375,
4999.8837890625,
3543.15185546875,
4999.60205078125,
4999.61962890625,
1504.781005859375,
742.6577758789062,
0.0,
4988.68896484375,
4994.96728515625,
451.07147216796875,
290.84075927734375,
0.0,
4999.71923828125,
0.0,
4998.82763671875,
4994.8056640625,
4999.419921875,
0.0,
113.81112670898438,
0.0,
0.0,
2575.494873046875,
4989.560546875,
0.0,
4998.4052734375,
0.0,
285.5370178222656,
4999.63427734375,
4998.71435546875,
4993.32177734375,
1688.955810546875,
0.0,
59.38574981689453,
0.0,
187.6237335205078,
510.0395812988281,
4986.35205078125,
2708.9384765625,
4993.1015625,
93.62626647949219,
4995.572265625,
4997.38037109375,
4999.9140625,
0.0,
0.0,
0.0,
194.81509399414062,
4995.95361328125,
4995.46142578125,
0.0,
4999.59765625,
0.0,
0.0,
0.0,
0.0,
4993.04443359375,
4993.5791015625,
0.0,
29.773818969726562,
0.0,
0.0,
4987.13671875,
0.0,
4985.21875,
0.0,
4998.53076171875,
105.04853820800781,
4980.6416015625,
192.78158569335938,
0.0,
0.0,
4998.61865234375,
4997.50341796875,
0.0,
4998.83251953125,
566.3450927734375,
0.0,
4998.5546875,
0.0,
4993.037109375,
4999.80712890625,
4995.03955078125,
538.1068115234375,
4963.63623046875,
4999.6103515625,
4962.1142578125,
0.0,
0.0,
4998.46240234375,
0.0,
518.5406494140625,
4983.93017578125,
0.0,
4985.7900390625,
0.0,
349.01953125,
29.047456741333008,
0.0,
379.8648986816406,
0.0,
4993.89501953125,
235.06614685058594,
4995.30029296875,
34.755943298339844,
4992.08056640625,
4991.72705078125,
0.0,
0.0,
4999.92626953125,
0.0,
0.0,
4999.11474609375,
4995.74755859375,
4965.82861328125,
473.5890197753906,
0.0,
97.19403076171875,
0.0,
0.0,
4997.34375,
4964.27392578125,
4985.12548828125,
0.0,
4999.5869140625,
4991.55029296875,
4993.7568359375,
0.0,
4999.85302734375,
0.0,
0.0,
369.3885498046875,
0.0,
0.0,
0.0,
4999.67822265625,
300.9363708496094,
4994.85791015625,
4967.52197265625,
4998.08642578125,
276.9104309082031,
0.0,
212.020263671875,
4994.69140625,
4995.86376953125,
4995.23681640625,
4992.912109375,
4976.6083984375,
0.0,
4998.78125,
4999.5009765625,
0.0,
4998.2958984375,
0.0,
4999.7041015625,
4995.2373046875,
343.6510925292969,
668.50048828125,
4978.111328125,
0.0,
0.0,
926.9346313476562,
0.0,
27.44074821472168,
0.0,
305.377685546875,
0.0,
108.80062866210938,
4997.17724609375,
4999.29345703125,
0.0,
4997.62744140625,
4999.7763671875,
0.0,
0.0,
2009.9696044921875,
1763.431396484375,
1441.7977294921875,
4995.64013671875,
454.6825256347656,
0.0,
129.06307983398438,
4996.55859375,
4993.04833984375,
4997.826171875,
0.0,
4994.05029296875,
0.0,
4994.79150390625,
4989.7294921875,
4998.86376953125,
0.0,
4984.84716796875,
0.0,
0.0,
2500.175537109375,
433.5677490234375,
0.0,
225.5325927734375,
0.0,
4994.49658203125,
4997.083984375,
0.0,
4998.72216796875,
154.236572265625,
0.0,
0.0,
4999.62646484375,
4999.9873046875,
4984.08642578125,
4999.6552734375,
243.4864959716797,
4981.49951171875,
190.0431365966797,
608.2835693359375,
0.0,
262.4321594238281,
4999.02197265625,
0.0,
0.0,
4988.52880859375,
4977.3046875,
0.0,
0.0,
321.561767578125,
4996.05029296875,
2575.35400390625,
0.0,
4992.19287109375,
3040.68115234375,
30.151004791259766,
4999.73486328125,
659.3580322265625,
0.0,
0.0,
4997.607421875,
4718.84521484375,
150.0470428466797,
914.1287841796875,
4998.20947265625,
4993.17578125,
0.0,
4990.06103515625,
0.0,
4988.1669921875,
2635.46337890625,
2164.853759765625,
345.5782775878906,
0.0,
4999.93115234375,
4998.62255859375,
0.0,
95.44871520996094,
4969.2158203125,
4991.76123046875,
57.4107780456543,
4949.8662109375,
184.2125244140625,
0.0,
0.0,
0.0,
4993.365234375,
4994.74609375,
164.3158721923828,
4993.88525390625,
24.3446102142334,
4995.494140625,
4989.92578125,
201.43701171875,
0.0,
4999.1396484375,
720.9412231445312,
0.0,
0.0,
4999.93017578125,
0.0,
4999.48876953125,
4965.18212890625,
122.8415756225586,
4993.5615234375,
322.51873779296875,
0.0,
0.0,
0.0,
696.5506591796875,
4989.03125,
0.0,
4990.95458984375,
4993.08544921875,
0.0,
593.08349609375,
4994.8466796875,
0.0,
527.0172119140625,
4985.962890625,
505.7409362792969,
0.0,
0.0,
1933.298095703125,
517.8412475585938,
4978.16357421875,
0.0,
62.75351333618164,
1710.2841796875,
0.0,
963.9255981445312,
204.57598876953125,
0.0,
0.0,
0.0,
0.0,
4995.72998046875,
0.0,
4999.51025390625,
4985.28564453125,
0.0,
0.0,
0.0,
69.61488342285156,
0.0,
0.0,
143.9968719482422,
179.45091247558594,
4965.90185546875,
255.6597442626953,
4991.865234375,
0.0,
4999.0322265625,
370.3314514160156,
0.0,
4999.19384765625,
0.0,
4997.55615234375,
4990.72998046875,
4988.53125,
0.0,
0.0,
4998.166015625,
4967.60400390625,
0.0,
4995.123046875,
4996.1005859375,
0.0,
1742.2861328125,
234.11810302734375,
4994.427734375,
4994.53369140625,
0.0,
4992.84033203125,
0.0,
309.5987548828125,
91.38555908203125,
0.0,
0.0,
0.0,
4989.65478515625,
4994.83984375,
4975.4794921875,
71.19071197509766,
99.94258880615234,
302.1303405761719,
4997.50634765625,
0.0,
168.058349609375,
0.0,
191.05010986328125,
0.0,
4975.712890625,
489.1792907714844,
3422.26171875,
190.91256713867188,
4990.689453125,
0.0,
4999.51513671875,
0.0,
4996.8740234375,
0.0,
4998.28369140625,
0.0,
0.0,
4998.99755859375,
0.0,
166.8159942626953,
4964.0146484375,
0.0,
0.0,
818.40283203125,
4994.97802734375,
4993.595703125,
4997.33349609375,
4985.068359375,
0.0,
0.0,
47.73648452758789,
4996.44775390625,
149.39280700683594,
4992.7724609375,
4994.82275390625,
4999.52099609375,
0.0,
637.8492431640625,
4997.6904296875,
4991.48388671875,
0.0,
4999.62255859375,
0.0,
4998.7587890625,
1045.71435546875,
4992.53662109375,
1686.353271484375,
0.0,
0.0,
0.0,
0.0,
4997.52783203125,
3572.635498046875,
4997.669921875,
4997.1142578125,
4988.96875,
4999.876953125,
4999.01220703125,
4997.14599609375,
181.08595275878906,
4990.28466796875,
4993.25341796875,
4960.49755859375,
174.1966552734375,
4992.345703125,
0.0,
0.0,
0.0,
4997.16650390625,
0.0,
4994.2939453125,
0.0,
0.0,
4995.548828125,
0.0,
0.0,
0.0,
216.85025024414062,
4995.68359375,
0.0,
374.9868469238281,
4995.70849609375,
4961.2744140625,
159.45433044433594,
0.0,
0.0,
0.0,
4999.25927734375,
4983.29150390625,
270.6863098144531,
0.0,
92.18636322021484,
4965.91162109375,
0.0,
4986.58642578125,
0.0,
4985.53125,
4994.76513671875,
4992.8359375,
0.0,
4988.90283203125,
0.0,
4996.25146484375,
0.0,
191.8978271484375,
4997.1728515625,
4997.5361328125,
0.0,
374.6919860839844,
1010.9647216796875,
4966.05419921875,
0.0,
4997.45703125,
0.0,
0.0,
0.0,
4994.3671875,
0.0,
106.1799087524414,
0.0,
4997.08154296875,
0.0,
1311.399169921875,
120.5107192993164,
4999.416015625,
4998.0751953125,
0.0,
233.59500122070312,
4990.97216796875,
4953.65673828125,
0.0,
4994.66943359375,
0.0,
4995.6474609375,
4998.93115234375,
4974.06640625,
4983.599609375,
0.0,
241.60232543945312,
0.0,
0.0,
4998.68115234375,
32.347225189208984,
0.0,
0.0,
0.0,
0.0,
0.0,
4996.34912109375,
1996.2030029296875,
0.0,
125.64838409423828,
288.9896240234375,
52.11907196044922,
4997.57275390625,
493.7511291503906,
4999.0615234375,
0.0,
0.0,
4996.61767578125,
4990.4775390625,
0.0,
4996.99560546875,
4998.57666015625,
4989.6201171875,
4999.728515625,
4985.7529296875,
4975.04541015625,
0.0,
4999.0556640625,
0.0,
0.0,
4992.78173828125,
0.0,
280.90496826171875,
493.6858825683594,
0.0,
146.57293701171875,
0.0,
0.0,
178.13278198242188,
0.0,
4997.5654296875,
4999.587890625,
291.42071533203125,
0.0,
4999.05615234375,
4995.88525390625,
212.21607971191406,
71.3945083618164,
0.0,
4990.4091796875,
4992.51171875,
0.0,
4994.126953125,
253.88760375976562,
4982.166015625,
237.8035125732422,
4998.71728515625,
4999.59716796875,
0.0,
0.0,
0.0,
0.0,
0.0,
4993.40185546875,
482.3963317871094,
4995.86474609375,
0.0,
4999.43896484375,
0.0,
4991.73583984375,
0.0,
0.0,
4999.56103515625,
735.1605224609375,
65.8408432006836,
4988.73876953125,
4993.97412109375,
342.6053771972656,
4988.9755859375,
122.3092269897461,
369.98077392578125,
164.98751831054688,
316.4768981933594,
0.0,
43.09647750854492,
4999.06884765625,
4976.87158203125,
0.0,
4985.3974609375,
0.0,
0.0,
4995.306640625,
272.2674255371094,
3322.94189453125,
0.0,
0.0,
0.0,
0.0,
4999.2099609375,
158.96075439453125,
0.0,
143.27992248535156,
4998.32763671875,
4988.22021484375,
0.0,
487.27093505859375,
0.0,
4994.41552734375,
4996.0751953125,
0.0,
0.0,
0.0,
3198.93115234375,
4996.97802734375,
4999.77392578125,
0.0,
4991.666015625,
393.5177001953125,
350.99127197265625,
4989.6552734375,
0.0,
4999.6533203125,
262.7708740234375,
1457.1368408203125,
4997.513671875,
0.0,
72.2855224609375,
0.0,
0.0,
4999.48876953125,
1101.311279296875,
315.9389343261719,
0.0,
0.0,
220.1840362548828,
421.1368408203125,
4979.46923828125,
261.8962707519531,
1710.3642578125,
0.0,
264.807373046875,
4992.63916015625,
0.0,
77.59324645996094,
4994.00927734375,
0.0,
4994.73486328125,
4979.2626953125,
4998.19921875,
4999.1650390625,
0.0,
401.6925354003906,
92.91271209716797,
0.0,
4999.533203125,
4983.02294921875,
4988.30810546875,
4992.916015625,
4994.14501953125,
586.8411865234375,
4994.23388671875,
4998.734375,
49.523067474365234,
0.0,
4997.7646484375,
4965.9013671875,
91.90690612792969,
4999.80615234375,
4993.79638671875,
175.8172607421875,
0.0,
0.0,
0.0,
4975.0908203125,
4996.4912109375,
2426.507080078125,
288.02392578125,
0.0,
0.0,
0.0,
4999.21142578125,
0.0,
4998.24951171875,
4997.19970703125,
72.59366607666016,
4992.3037109375,
0.0,
0.0,
4993.8388671875,
4986.19873046875,
0.0,
4997.88671875,
70.05719757080078,
189.32579040527344,
0.0,
0.0,
400.95782470703125,
4977.34033203125,
4954.9453125,
4999.8095703125,
104.21011352539062,
895.392333984375,
360.8318176269531,
0.0,
0.0,
4999.0751953125,
0.0,
4996.82958984375,
4999.67333984375,
4988.4833984375,
1882.556396484375,
4989.66796875,
0.0,
210.2198486328125,
0.0,
0.0,
723.1740112304688,
250.89404296875,
4998.3212890625,
271.99615478515625,
971.6736450195312,
4996.4677734375,
0.0,
0.0,
4999.427734375,
4982.22314453125,
4982.10791015625,
0.0,
4985.4072265625,
4995.7109375,
2221.377685546875,
4976.7568359375,
0.0,
0.0,
4997.705078125,
0.0,
0.0,
4998.3740234375,
4996.5576171875,
4967.171875,
260.492431640625,
0.0,
4988.10546875,
4993.9111328125,
4998.6337890625,
4999.05859375,
4996.93017578125,
0.0,
0.0,
0.0,
0.0,
209.13607788085938,
0.0,
204.10858154296875,
0.0,
4994.0068359375,
4999.78271484375,
351.6879577636719,
369.964599609375,
4997.6826171875,
0.0,
357.0174865722656,
0.0,
0.0,
306.2584228515625,
1986.507568359375,
0.0,
809.1365966796875,
0.0,
0.0,
109.63880920410156,
4984.6142578125,
0.0,
4999.27685546875,
70.61893463134766,
4982.275390625,
4980.171875,
117.49369812011719,
230.67007446289062,
4992.0634765625,
4995.46142578125,
4998.859375,
0.0,
4984.80419921875,
0.0,
4997.2470703125,
0.0,
4998.1982421875,
4995.13134765625,
4997.77783203125,
0.0,
4982.4423828125,
153.173828125,
4998.6044921875,
4993.72705078125,
4999.6748046875,
4987.73681640625,
4991.31494140625,
4997.3759765625,
4994.123046875,
4979.54296875,
0.0,
4976.89599609375,
0.0,
4998.0908203125,
4984.3046875,
0.0,
0.0,
4982.42822265625,
325.0178527832031,
0.0,
0.0,
0.0,
0.0,
4995.2041015625,
161.4075164794922,
4999.8505859375,
4067.315185546875,
4998.970703125,
4998.64794921875,
4993.04541015625,
4999.333984375,
4989.34326171875,
4997.81591796875,
0.0,
4988.37060546875,
0.0,
4994.23046875,
261.0908203125,
188.9510040283203,
4979.1513671875,
0.0,
4999.9140625,
4997.15185546875,
157.580322265625,
4993.89453125,
0.0,
873.698974609375,
4983.69677734375,
0.0,
297.71514892578125,
0.0,
0.0,
0.0,
177.9094696044922,
4975.09912109375,
0.0,
4999.59814453125,
0.0,
0.0,
335.47259521484375,
4989.43896484375,
0.0,
4999.53173828125,
4993.12109375,
0.0,
0.0,
314.1496276855469,
0.0,
0.0,
741.1517944335938,
0.0,
0.0,
4998.85791015625,
470.35540771484375,
4997.87353515625,
4994.54296875,
4999.18017578125,
73.08032989501953,
4991.38671875,
4995.54150390625,
4995.4189453125,
4998.99658203125,
121.81452941894531,
751.981201171875,
4998.642578125,
4975.30322265625,
175.88160705566406,
4998.10546875,
4999.51318359375,
4989.95654296875,
178.70582580566406,
51.579734802246094,
4987.55859375,
4999.0908203125,
4994.6796875,
261.5343017578125,
0.0,
4999.74072265625,
0.0,
4997.4189453125,
4998.45458984375,
0.0,
4999.279296875,
200.15769958496094,
4991.0693359375,
0.0,
4997.1611328125,
0.0,
4997.73583984375,
4998.09423828125,
0.0,
1260.6171875,
4998.5986328125,
4976.95458984375,
4981.88720703125,
0.0,
32.440494537353516,
4999.173828125,
4985.86962890625,
0.0,
4997.642578125,
4998.91064453125,
955.6271362304688,
4995.583984375,
0.0,
2563.787353515625,
4972.1240234375,
4999.64599609375,
0.0,
4990.89697265625,
4996.7939453125,
66.91919708251953,
0.0,
60.43642807006836,
4999.0322265625,
4999.3701171875,
4984.74951171875,
4994.6552734375,
663.5267333984375,
472.0274353027344,
312.33319091796875,
0.0,
0.0,
0.0,
0.0,
4993.09228515625,
0.0,
4998.9404296875,
4991.6494140625,
0.0,
0.0,
0.0,
4997.0048828125,
4998.77294921875,
271.52081298828125,
145.78660583496094,
0.0,
0.0,
0.0,
251.32252502441406,
4999.50537109375,
0.0,
4976.20654296875,
4998.43896484375,
4989.1328125,
0.0,
0.0,
68.576416015625,
4999.7626953125,
4992.26953125,
4999.02197265625,
0.0,
0.0,
140.79075622558594,
312.9823303222656,
4995.8779296875,
807.598876953125,
0.0,
0.0,
298.9098205566406,
4996.31591796875,
4905.9501953125,
4996.2041015625,
4998.39404296875,
0.0,
273.7941589355469,
4989.4453125,
0.0,
363.1568908691406,
0.0,
373.5672302246094,
4995.423828125,
62.525177001953125,
4990.6181640625,
0.0,
317.8917236328125,
257.93658447265625,
4997.6806640625,
767.6869506835938,
191.7830352783203,
4999.4609375,
0.0,
681.6766357421875,
338.54461669921875,
4980.9716796875,
275.81243896484375,
214.749755859375,
4999.63232421875,
4995.88671875,
0.0,
4989.8681640625,
4998.49267578125,
4997.78125,
252.48223876953125,
4986.654296875,
76.06468963623047,
4996.455078125,
0.0,
0.0,
0.0,
280.4601135253906,
0.0,
4998.85205078125,
4999.34619140625,
296.093017578125,
0.0,
4981.92919921875,
4983.19384765625,
4992.443359375,
0.0,
207.57220458984375,
4998.2177734375,
250.4798583984375,
116.93001556396484,
4998.609375,
4995.7080078125,
0.0,
4997.51220703125,
4997.91455078125,
0.0,
0.0,
4974.0947265625,
0.0,
4993.326171875,
4987.7060546875,
0.0,
242.86558532714844,
4998.5546875,
4942.576171875,
4997.2626953125,
1143.189697265625,
0.0,
0.0,
4997.6982421875,
138.64476013183594,
0.0,
249.6598663330078,
4991.169921875,
3852.84765625,
205.60598754882812,
20.99964141845703,
133.3009490966797,
0.0,
82.04888153076172,
4998.71728515625,
4999.10693359375,
117.00701904296875,
0.0,
4992.13232421875,
0.0,
0.0,
0.0,
4997.607421875,
0.0,
0.0,
4997.86669921875,
4992.17724609375,
0.0,
112.00426483154297,
4987.2548828125,
4996.76806640625,
4996.373046875,
0.0,
0.0,
0.0,
2784.243408203125,
0.0,
4998.24462890625,
0.0,
4997.06689453125,
0.0,
0.0,
0.0,
85.11714935302734,
0.0,
364.6417236328125,
4998.927734375,
4997.7294921875,
4997.01171875,
4999.9765625,
0.0,
4986.88525390625,
719.1060791015625,
0.0,
0.0,
570.6608276367188,
0.0,
4962.55419921875,
4999.43212890625,
0.0,
569.919921875,
0.0,
4979.42919921875,
4992.443359375,
0.0,
637.5162353515625,
4994.900390625,
4995.26025390625,
0.0,
0.0,
4996.58935546875,
0.0,
4994.07568359375,
4997.71484375,
0.0,
0.0,
0.0,
303.0418395996094,
0.0,
0.0,
0.0,
4999.548828125,
0.0,
0.0,
4998.669921875,
4992.7490234375,
4995.76708984375,
0.0,
4998.9736328125,
0.0,
0.0,
208.40985107421875,
0.0,
4222.64892578125,
0.0,
4968.91259765625,
0.0,
4981.00830078125,
4992.77587890625,
0.0,
0.0,
0.0,
0.0,
4997.20166015625,
319.3077392578125,
238.76657104492188,
0.0,
4968.1201171875,
0.0,
4995.68896484375,
2749.42529296875,
464.0135498046875,
4992.23095703125,
0.0,
3718.809814453125,
0.0,
438.0527648925781,
4998.80029296875,
0.0,
4998.6591796875,
178.92112731933594,
25.47517204284668,
4999.00439453125,
4990.40771484375,
394.9917297363281,
4995.95703125,
0.0,
0.0,
0.0,
4977.20947265625,
4989.173828125,
0.0,
0.0,
4996.93896484375,
4998.30908203125,
4985.177734375,
0.0,
0.0,
4988.8779296875,
4995.9365234375,
4457.150390625,
4994.91357421875,
481.6532287597656,
0.0,
237.80258178710938,
4998.81201171875,
4994.29541015625,
602.5850219726562,
0.0,
0.0,
357.4864196777344,
4998.2080078125,
4984.6591796875,
0.0,
4955.5859375,
2623.04638671875,
112.48429107666016,
61.59309005737305,
295.84991455078125,
0.0,
0.0,
0.0,
4995.013671875,
275.0926513671875,
0.0,
81.06123352050781,
0.0,
4984.7060546875,
4995.92822265625,
0.0,
4995.99658203125,
327.61553955078125,
0.0,
0.0,
0.0,
0.0,
0.0,
0.0,
4999.05859375,
0.0,
41.559879302978516,
328.5731201171875,
0.0,
4983.69921875,
132.57369995117188,
0.0,
4999.64794921875,
4995.82568359375,
4993.8525390625,
0.0,
126.38911437988281,
499.37152099609375,
4997.55322265625,
4999.3974609375,
0.0,
0.0,
0.0,
4984.8251953125,
0.0,
0.0,
4988.3447265625,
4986.5126953125,
4998.5458984375,
4996.54052734375,
4993.3564453125,
4968.33154296875,
4999.2685546875,
363.8399658203125,
0.0,
0.0,
4996.1240234375,
0.0,
152.53851318359375,
0.0,
4985.7783203125,
4999.3896484375,
341.1886901855469,
0.0,
0.0,
4997.39208984375,
4999.9326171875,
0.0,
131.72682189941406,
0.0,
0.0,
4997.28173828125,
210.4351348876953,
0.0,
0.0,
4996.62255859375,
4990.39794921875,
4998.3916015625,
4993.36474609375,
4997.15283203125,
4983.22509765625,
4984.15966796875,
189.4940643310547,
219.4535369873047,
234.517333984375,
4999.37646484375,
242.8853759765625,
0.0,
0.0,
4987.38916015625,
4995.56982421875,
0.0,
83.563720703125,
213.33145141601562,
0.0,
4999.56298828125,
4992.78955078125,
551.7099609375,
4994.81591796875,
134.4939422607422,
646.792236328125,
4994.7587890625,
289.0288391113281,
4998.326171875,
4995.1884765625,
4999.2685546875,
4994.6728515625,
4996.1162109375,
99.5730972290039,
0.0,
0.0,
4989.53125,
4999.62744140625,
4977.89208984375,
0.0,
4995.4423828125,
0.0,
4991.72900390625,
0.0,
233.84942626953125,
4974.69873046875,
528.9495849609375,
259.12445068359375,
593.9921875,
249.33090209960938,
4999.07568359375,
0.0,
0.0,
97.30948638916016,
4996.9521484375,
439.120361328125,
149.7983856201172,
270.5065612792969,
186.25816345214844,
0.0,
0.0,
284.6023254394531,
4991.3330078125,
0.0,
0.0,
4994.080078125,
4997.07080078125,
4992.69873046875,
4996.0703125,
1109.1134033203125,
0.0,
0.0,
343.6733703613281,
4982.38525390625,
4999.43896484375,
0.0,
172.67721557617188,
0.0,
0.0,
4992.35791015625,
0.0,
4997.26123046875,
0.0,
184.7305450439453,
4997.3466796875,
0.0,
0.0,
4998.0361328125,
4992.82421875,
0.0,
0.0,
116.8127212524414,
4987.00537109375,
4995.46484375,
249.83489990234375,
0.0,
4983.3291015625,
4998.21826171875,
4990.03759765625,
4999.173828125,
112.14127349853516,
104.89586639404297,
4998.4990234375,
0.0,
0.0,
92.08487701416016,
50.56575012207031,
0.0,
424.7988586425781,
0.0,
0.0,
0.0,
110.88957977294922,
0.0,
4986.861328125,
573.03369140625,
314.55596923828125,
4988.892578125,
4990.4033203125,
0.0,
129.61233520507812,
0.0,
198.69923400878906,
0.0,
4154.8837890625,
4997.67431640625,
4997.6650390625,
4998.748046875,
0.0,
0.0,
4995.51171875,
0.0,
4995.6865234375,
199.7299346923828,
4982.71044921875,
0.0,
0.0,
211.43896484375,
4987.5849609375,
0.0,
4984.6376953125,
4989.69091796875,
0.0,
4999.5537109375,
0.0,
380.277099609375,
4999.85302734375,
4998.1845703125,
191.2554168701172,
538.4940795898438,
4972.49609375,
4997.63427734375,
1.665230631828308,
214.36546325683594,
0.0,
0.0,
0.0,
229.81875610351562,
235.37283325195312,
2424.637451171875,
0.0,
0.0,
4993.373046875,
4998.0166015625,
0.0,
0.0,
0.0,
0.0,
300.2817687988281,
4983.35205078125,
205.95834350585938,
0.0,
4990.46728515625,
0.0,
113.33002471923828,
0.0,
0.0,
4991.0810546875,
4961.5341796875,
20.347227096557617,
0.0,
1885.5811767578125,
150.30490112304688,
0.0,
0.0,
0.0,
4979.4892578125,
4988.8310546875,
0.0,
0.0,
4994.79736328125,
4999.39501953125,
4984.07861328125,
0.0,
476.92303466796875,
4991.369140625,
100.16766357421875,
4993.41455078125,
4985.203125,
0.0,
297.18157958984375,
259.224365234375,
4992.48828125,
207.6270294189453,
4999.91259765625,
4995.93505859375,
0.0,
0.0,
65.7023696899414,
402.0009460449219,
235.18643188476562,
4999.64892578125,
0.0,
0.0,
4985.16748046875,
0.0,
0.0,
4998.3759765625,
4997.533203125,
0.0,
169.93878173828125,
0.0,
0.0,
4991.90869140625,
314.1251220703125,
112.60759735107422,
4994.724609375,
0.0,
0.0,
4998.01171875,
0.0,
4999.36669921875,
0.0,
4993.87255859375,
4989.1533203125,
4999.427734375,
4994.86572265625,
4995.41552734375,
661.0239868164062,
0.0,
61.2408447265625,
385.850341796875,
0.0,
0.0,
155.15603637695312,
4994.39111328125,
0.0,
0.0,
4995.78369140625,
4997.74072265625,
4980.43017578125,
4997.88330078125,
0.0,
4998.611328125,
0.0,
0.0,
4986.4931640625,
0.0,
0.0,
0.0,
229.88092041015625,
265.0128173828125,
0.0,
4991.36328125,
79.65696716308594,
70.58712005615234,
4997.03076171875,
0.0,
0.0,
0.0,
4999.69677734375,
4990.86962890625,
61.99431610107422,
549.3093872070312,
0.0,
0.0,
0.0,
4976.18017578125,
0.0,
4990.28955078125,
410.1990966796875,
4997.60400390625,
4996.716796875,
0.0,
0.0,
302.02899169921875,
315.0780944824219,
4991.08203125,
4999.251953125,
4993.994140625,
4995.83984375,
376.6773376464844,
1031.657470703125,
0.0,
901.9754028320312,
0.0,
4998.63330078125,
4975.578125,
0.0,
0.0,
0.0,
4995.96484375,
4999.46337890625,
0.0,
1279.9951171875,
543.9213256835938,
23.527284622192383,
0.0,
0.0,
0.0,
161.7181854248047,
273.7428894042969,
4998.990234375,
4998.568359375,
315.0032653808594,
4999.91455078125,
4994.94091796875,
1957.4278564453125,
4995.375,
4992.220703125,
0.0,
0.0,
4985.91015625,
0.0,
4992.3681640625,
190.89356994628906,
0.0,
576.2528076171875,
208.6032257080078,
4999.5166015625,
4997.82763671875,
557.28271484375,
4944.16796875,
0.0,
247.6055145263672,
0.0,
199.8274688720703,
4979.69287109375,
4993.029296875,
0.0,
4993.40380859375,
4972.583984375,
215.31454467773438,
499.1757507324219,
2741.66015625,
0.0,
0.0,
4997.26513671875,
0.0,
0.0,
102.07188415527344,
0.0,
321.1036682128906,
2884.047119140625,
4990.34228515625,
4993.92236328125,
4991.0673828125,
4992.90966796875,
4994.17529296875,
0.0,
394.67108154296875,
754.3115234375,
4993.84521484375,
0.0,
0.0,
28.14177894592285,
0.0,
0.0,
4997.0400390625,
4996.64892578125,
0.0,
359.3686828613281,
0.0,
0.0,
317.29248046875,
4986.37353515625,
4988.08203125,
283.8611145019531,
4979.50439453125,
4999.00341796875,
4992.337890625,
65.82470703125,
113.99897766113281,
279.84600830078125,
0.0,
4999.28173828125,
0.0,
0.0,
0.0,
0.0,
4999.5810546875,
4999.38818359375,
4149.86083984375,
0.0,
159.8162384033203,
489.2890930175781,
0.0,
329.9147644042969,
0.0,
0.0,
0.0,
4982.56494140625,
4994.90673828125,
4981.7861328125,
0.0,
4990.375,
4997.375,
0.0,
353.0613708496094,
0.0,
0.0,
4999.55322265625,
4999.1796875,
4998.80126953125,
4992.9521484375,
4990.5078125,
167.40335083007812,
780.8782348632812,
4998.55126953125,
4992.41162109375,
4994.09423828125,
0.0,
0.0,
4997.40478515625,
4994.60009765625,
4982.390625,
396.6927795410156,
0.0,
165.9464111328125,
4990.30517578125,
0.0,
68.64844512939453,
4998.48388671875,
4990.36865234375,
0.0,
4985.56494140625,
4995.6875,
0.0,
4988.158203125,
4990.20361328125,
0.0,
0.0,
4995.90087890625,
2944.652099609375,
280.58489990234375,
0.0,
0.0,
4991.849609375,
4999.9775390625,
4991.84521484375,
4983.82373046875,
0.0,
4996.8466796875,
109.6857681274414,
107.34722137451172,
0.0,
0.0,
4997.97705078125,
0.0,
4999.302734375,
0.0,
0.0,
0.0,
0.0,
494.8774108886719,
345.1689758300781,
4993.9140625,
144.50930786132812,
4996.68408203125,
190.59722900390625,
193.80752563476562,
158.6541290283203,
4999.8935546875,
0.0,
259.67266845703125,
0.0,
4995.978515625,
4996.2333984375,
283.3356628417969,
4982.197265625,
4989.46044921875,
20.264644622802734,
4999.46142578125,
176.58909606933594,
74.86921691894531,
181.929931640625,
0.0,
44.129173278808594,
239.9816131591797,
0.0,
0.0,
4989.515625,
4984.22509765625,
0.0,
0.0,
617.7646484375,
4997.63671875,
4997.15576171875,
418.40728759765625,
4995.56005859375,
0.0,
4999.29248046875,
4984.58837890625,
308.9037170410156,
0.0,
0.0,
0.0,
0.0,
4997.3662109375,
4987.7265625,
996.0165405273438,
21.43878936767578,
4994.62353515625,
474.044921875,
0.0,
0.0,
0.0,
0.0,
197.89895629882812,
4997.009765625,
4999.71826171875,
4998.052734375,
4994.92724609375,
164.84307861328125,
0.0,
99.52313232421875,
4999.35888671875,
0.0,
0.0,
0.0,
0.0,
4998.53857421875,
4997.375,
0.0,
0.0,
0.0,
4998.73974609375,
92.88258361816406,
4979.39697265625,
869.2102661132812,
51.81282424926758,
0.0,
0.0,
532.4710693359375,
0.0,
81.338134765625,
0.0,
4994.3115234375,
400.25299072265625,
4999.853515625,
4992.275390625,
4979.96240234375,
14.268457412719727,
178.2766876220703,
4991.876953125,
0.0,
192.96002197265625,
4998.39892578125,
0.0,
636.995361328125,
4980.52587890625,
0.0,
0.0,
329.1325378417969,
4997.40380859375,
0.0,
0.0,
4999.2529296875,
172.77935791015625,
1741.896240234375,
4996.90771484375,
4999.490234375,
4996.7880859375,
4997.1162109375,
4997.365234375,
4995.8486328125,
4995.869140625,
4999.8193359375,
4942.2021484375,
0.0,
0.0,
0.0,
4995.61328125,
321.28692626953125,
303.765625,
0.0,
4987.23193359375,
4996.955078125,
286.49639892578125,
0.0,
4959.33837890625,
4998.42041015625,
339.1719665527344,
4976.85302734375,
4993.15234375,
191.61062622070312,
29.15605354309082,
4995.5361328125,
260.44793701171875,
234.1288299560547,
4988.56298828125,
0.0,
0.0,
271.1651306152344,
0.0,
4984.462890625,
0.0,
896.0001831054688,
0.0,
4988.3271484375,
0.0,
4999.98974609375,
113.55370330810547,
4996.814453125,
0.0,
2101.643310546875,
46.25503158569336,
4988.60888671875,
4998.51513671875,
4977.8623046875,
4999.6865234375,
0.0,
337.3761901855469,
4997.46923828125,
0.0,
4979.41845703125,
4989.2763671875,
0.0,
4990.56591796875,
234.0084686279297,
0.0,
284.263427734375,
4990.63623046875,
4991.0283203125,
0.0,
4999.41259765625,
0.0,
102.00454711914062,
0.0,
4993.62548828125,
211.97723388671875,
4985.29638671875,
4974.6611328125,
225.18392944335938,
7.218357563018799,
0.0,
0.0,
0.0,
0.0,
4998.607421875,
0.0,
4446.138671875,
4997.8994140625,
179.0623321533203,
4989.53955078125,
0.0,
0.0,
4997.7392578125,
94.11737823486328,
4992.064453125,
4993.75,
242.5978240966797,
0.0,
84.20369720458984,
0.0,
0.0,
4994.744140625,
133.25051879882812,
0.0,
348.5803527832031,
0.0,
4985.32421875,
17.8028564453125,
4996.0234375,
775.7337036132812,
1806.8206787109375,
635.0750122070312,
0.0,
0.0,
435.1508483886719,
0.0,
4996.97021484375,
190.88626098632812,
0.0,
4999.85107421875,
360.2449645996094,
585.5682983398438,
313.985107421875,
0.0,
672.6465454101562,
4969.89990234375,
0.0,
761.1140747070312,
177.7134552001953,
217.71824645996094,
4999.18798828125,
52.44552230834961,
0.0,
4982.244140625,
0.0,
4989.8916015625,
39.37933349609375,
0.0,
0.0,
234.28515625,
1679.0263671875,
4998.2841796875,
343.90240478515625,
4989.36962890625,
0.0,
0.0,
4999.78125,
0.0,
4981.76904296875,
4998.767578125,
4997.126953125,
4998.01806640625,
4995.27099609375,
358.01055908203125,
4996.82177734375,
0.0,
4998.76171875,
120.89942169189453,
0.0,
97.10306549072266,
4987.21142578125,
0.0,
4999.17529296875,
4991.47900390625,
0.0,
0.0,
4998.19775390625,
0.0,
4988.93994140625,
4996.9228515625,
4998.326171875,
594.0595703125,
4984.44091796875,
0.0,
80.58261108398438,
0.0,
0.0,
1652.463134765625,
0.0,
0.0,
258.1007080078125,
4998.5625,
0.0,
4991.98486328125,
328.9969787597656,
0.0,
170.85475158691406,
0.0,
0.0,
4990.22998046875,
4.822730541229248,
0.0,
0.0,
4993.28662109375,
0.0,
4973.16357421875,
1646.27392578125,
692.5916748046875,
0.0,
74.7826919555664,
241.58670043945312,
631.8760375976562,
0.0,
420.926513671875,
4995.52587890625,
0.0,
4984.77880859375,
0.0,
0.0,
0.0,
4052.80615234375,
0.0,
4997.13525390625,
4964.4052734375,
0.0,
0.0,
38.43962097167969,
0.0,
860.7092895507812,
4999.83837890625,
4999.642578125,
2063.906005859375,
4988.5048828125,
150.25448608398438,
4996.96240234375,
16.211162567138672,
4996.0908203125,
132.70846557617188,
105.04463195800781,
183.5867156982422,
4995.82470703125,
0.0,
4990.771484375,
0.0,
183.65167236328125,
0.0,
32.75151824951172,
0.0,
4986.43603515625,
136.8953094482422,
126.6280746459961,
0.0,
4975.072265625,
0.0,
4993.0185546875,
2018.0274658203125,
199.35426330566406,
63.918766021728516,
124.98873138427734,
153.54248046875,
129.33961486816406,
0.0,
0.0,
0.0,
152.22535705566406,
0.0,
4996.8310546875,
4988.44189453125,
4992.9482421875,
131.56658935546875,
0.0,
4978.93896484375,
0.0,
0.0,
1044.6995849609375,
0.0,
4975.3505859375,
4997.77783203125,
0.0,
4992.27197265625,
38.519927978515625,
0.0,
0.0,
4967.87939453125,
4987.85302734375,
4987.0791015625,
4999.73193359375,
4992.2373046875,
2966.34423828125,
0.0,
4993.1005859375,
0.0,
4992.90673828125,
4999.94921875,
56.31995391845703,
4996.685546875,
4996.95751953125,
4957.1806640625,
4987.12109375,
0.0,
4988.0390625,
0.0,
0.0,
336.49310302734375,
250.57891845703125,
4993.85009765625,
129.99429321289062,
1128.90625,
0.0,
389.01617431640625,
109.1384506225586,
180.65011596679688,
0.0,
318.9437255859375,
4996.32568359375,
0.0,
0.0,
4999.0625,
2.9072883129119873,
0.0,
0.0,
4980.3076171875,
313.1783752441406,
229.2223663330078,
0.0,
0.0,
368.8440856933594,
0.0,
117.149658203125,
4999.84912109375,
4997.55322265625,
4976.06884765625,
0.0,
4999.93896484375,
0.0,
0.0,
0.0,
2077.427001953125,
0.0,
0.0,
4989.49365234375,
288.87335205078125,
95.5405502319336,
0.0,
219.33290100097656,
431.2828063964844,
0.0,
0.0,
0.0,
4965.37060546875,
846.6549682617188,
97.71613311767578,
4976.3876953125,
0.0,
0.0,
4963.1708984375,
0.0,
456.28277587890625,
4995.91259765625,
4988.77392578125,
0.0,
4994.20166015625,
127.29711151123047,
3807.46826171875,
1060.4156494140625,
4996.84326171875,
4999.8896484375,
165.09530639648438,
327.7927551269531,
0.0,
0.0,
0.0,
4999.1630859375,
0.0,
1698.553955078125,
4999.8193359375,
69.48291015625,
2246.631591796875,
404.9810791015625,
0.0,
0.0,
114.90448760986328,
65.06668090820312,
0.0,
4989.775390625,
0.0,
227.78268432617188,
0.0,
100.97673797607422,
4977.857421875,
2817.642578125,
4984.0703125,
281.697509765625,
106.0169448852539,
132.37168884277344,
339.6196594238281,
4985.74169921875,
4949.7802734375,
0.0,
314.123046875,
0.0,
0.0,
4973.02197265625,
4996.88330078125,
361.405029296875,
0.0,
4996.89208984375,
0.0,
0.0,
0.0,
4959.84716796875,
0.0,
4996.42822265625,
253.84124755859375,
217.064697265625,
295.2474060058594,
0.0,
91.48356628417969,
4986.47119140625,
4937.66064453125,
19.468259811401367,
123.51131439208984,
60.97328567504883,
0.0,
0.0,
0.0,
0.0,
323.595458984375,
160.4323272705078,
4988.1875,
0.0,
4999.15966796875,
4999.3388671875,
354.2528991699219,
4990.4140625,
33.060726165771484,
0.0,
4998.25146484375,
454.46502685546875,
0.0,
278.5105285644531,
4991.03515625,
0.0,
0.0,
106.49152374267578,
0.0,
0.0,
4999.3212890625,
0.0,
4998.68701171875,
0.0,
0.0,
0.0,
0.0,
4994.44580078125,
139.77398681640625,
4997.87890625,
4997.66455078125,
0.0,
4997.1748046875,
0.0,
207.21551513671875,
4990.580078125,
372.1200256347656,
4996.7294921875,
530.9794921875,
4987.16357421875,
117.79275512695312,
4998.66748046875,
4998.75244140625,
0.0,
4999.71826171875,
4995.60205078125,
319.6216735839844,
333.5842590332031,
0.0,
0.0,
4983.55712890625,
0.0,
249.50949096679688,
0.0,
262.6394348144531,
123.56890106201172,
4976.314453125,
4998.80322265625,
4994.71044921875,
0.0,
4992.00732421875,
4999.34716796875,
0.0,
0.0,
0.0,
488.95654296875,
178.7786865234375,
0.0,
4996.4619140625,
0.0,
4999.158203125,
1676.10888671875,
326.5971374511719,
4992.15966796875,
0.0,
275.2177734375,
0.0,
4993.41455078125,
0.0,
3613.846435546875,
142.5633087158203,
0.0,
4993.58447265625,
4996.23974609375,
0.0,
0.0,
4995.5751953125,
123.17493438720703,
0.0,
4983.2080078125,
0.0,
0.0,
0.0,
0.0,
4996.28857421875,
185.72625732421875,
0.0,
4989.939453125,
5.99985933303833,
4992.6943359375,
61.344276428222656,
0.0,
38.265708923339844,
4954.3193359375,
4999.89306640625,
0.0,
4998.3037109375,
0.0,
0.0,
0.0,
177.6024627685547,
0.0,
160.0029296875,
0.0,
0.0,
774.2345581054688,
4992.4892578125,
0.0,
4985.40380859375,
4989.009765625,
0.0,
4990.57470703125,
134.4549560546875,
4990.01953125,
0.0,
4994.3544921875,
4994.5869140625,
13.829375267028809,
0.0,
4998.54638671875,
0.0,
4997.2724609375,
4981.783203125,
4993.984375,
0.0,
0.0,
0.0,
365.2944030761719,
180.8444061279297,
4994.19482421875,
4990.65771484375,
4995.9287109375,
189.41189575195312,
0.0,
38.105167388916016,
0.0,
4985.6533203125,
142.13467407226562,
202.8081512451172,
0.0,
0.0,
4982.2412109375,
0.0,
4988.19921875,
4996.451171875,
4985.24951171875,
0.0,
4982.505859375,
317.6129455566406,
0.0,
4996.6982421875,
4999.3271484375,
4941.95751953125,
0.0,
4998.47998046875,
4992.23388671875,
93.01713562011719,
0.0,
332.25799560546875,
4985.271484375,
4993.3447265625,
214.11764526367188,
115.59342193603516,
292.4752502441406,
0.0,
401.2208557128906,
4998.037109375,
0.0,
4988.9638671875,
0.0,
0.0,
0.0,
4997.8681640625,
169.44290161132812,
4994.68798828125,
0.0,
522.2786254882812,
4986.69970703125,
4998.39892578125,
4982.13525390625,
605.7111206054688,
4997.7548828125,
4987.0966796875,
0.0,
0.0,
4986.22314453125,
70.04158782958984,
264.5529479980469,
0.0,
58.58176803588867,
163.7174835205078,
0.0,
260.74896240234375,
0.0,
0.0,
4978.671875,
4995.29833984375,
269.545654296875,
0.0,
0.0,
4998.43798828125,
219.95680236816406,
0.0,
0.0,
4987.82763671875,
0.0,
4994.91552734375,
4999.8271484375,
0.0,
337.1263427734375,
4984.38037109375,
0.0,
4995.61376953125,
238.51144409179688,
201.5208282470703,
429.946533203125,
0.0,
0.0,
118.50141143798828,
4989.37939453125,
0.0,
4997.81640625,
4993.3046875,
4988.24072265625,
4988.18310546875,
4967.755859375,
4993.494140625,
4994.53076171875,
4991.2578125,
4988.67529296875,
4990.47021484375,
4996.7119140625,
0.0,
162.6000518798828,
4995.45751953125,
4989.1318359375,
4986.65234375,
0.0,
681.7658081054688,
327.03607177734375,
4995.03662109375,
4999.810546875,
4993.19287109375,
4995.29150390625,
4986.890625,
137.4261932373047,
4998.47900390625,
98.52754211425781,
0.0,
0.0,
4993.701171875,
0.0,
4999.65771484375,
4983.8203125,
0.0,
0.0,
4996.0830078125,
0.0,
188.30221557617188,
0.0,
15.664982795715332,
0.0,
0.0,
4999.05908203125,
4969.10791015625,
0.0,
4999.85986328125,
0.0,
341.2249755859375,
0.0,
4999.53076171875,
4982.373046875,
150.43321228027344,
4998.0107421875,
154.10198974609375,
4997.90771484375,
120.15270233154297,
4982.681640625,
0.0,
0.0,
4991.9541015625,
51.033416748046875,
4999.34765625,
661.1546630859375,
4992.5078125,
4999.5068359375,
4996.86962890625,
355.4741516113281,
308.5771789550781,
844.6161499023438,
0.0,
4996.2587890625,
400.20806884765625,
4979.24267578125,
0.0,
4996.14892578125,
473.80987548828125,
155.9849853515625,
69.91032409667969,
111.4405517578125,
1457.5653076171875,
4996.8193359375,
0.0,
4955.72607421875,
4999.35009765625,
0.0,
4998.48095703125,
26.444061279296875,
4975.88232421875,
95.03205871582031,
234.9445037841797,
484.8549499511719,
72.64618682861328,
4993.708984375,
0.0,
281.0328369140625,
0.0,
153.28262329101562,
4988.3515625,
4988.685546875,
0.0,
184.58384704589844,
4999.42431640625,
4999.7529296875,
4994.48876953125,
92.60289001464844,
4996.21533203125,
4985.61083984375,
0.0,
0.0,
4984.65234375,
0.0,
4995.17138671875,
167.00657653808594,
4992.5078125,
4999.40283203125,
0.0,
4999.9619140625,
0.0,
4999.9833984375,
0.0,
0.0,
4989.634765625,
0.0,
4996.2783203125,
0.0,
276.5301818847656,
131.49273681640625,
249.46914672851562,
4978.5556640625,
40.81532287597656,
195.2130126953125,
0.0,
4984.57275390625,
4988.79345703125,
4997.77490234375,
96.02668762207031,
0.0,
0.0,
207.01678466796875,
16.21115493774414,
4994.4453125,
4997.93408203125,
0.0,
0.0,
327.6026306152344,
292.37725830078125,
594.1681518554688,
106.81698608398438,
438.4614562988281,
0.0,
209.36602783203125,
4984.408203125,
273.82977294921875,
140.90383911132812,
4993.1943359375,
0.0,
68.96728515625,
0.0,
304.4093017578125,
0.0,
0.0,
4992.958984375,
4988.416015625,
0.0,
4991.78125,
4995.0966796875,
0.0,
4994.259765625,
4999.78173828125,
4996.6787109375,
4996.97607421875,
4999.0673828125,
235.29798889160156,
0.0,
0.0,
0.0,
0.0,
0.0,
0.0,
0.0,
4950.06005859375,
0.0,
190.74020385742188,
4971.02099609375,
393.0138854980469,
283.1161804199219,
225.5970458984375,
4998.85693359375,
4997.0068359375,
158.2781219482422,
4995.73388671875,
0.0,
4989.140625,
514.6244506835938,
0.0,
214.40953063964844,
304.0400085449219,
0.0,
0.0,
723.801025390625,
317.45599365234375,
93.66577911376953,
216.2325439453125,
0.0,
4946.89794921875,
0.0,
75.74605560302734,
186.08343505859375,
0.0,
0.0,
0.0,
170.55384826660156,
146.18511962890625,
4996.90234375,
4998.46533203125,
39.06770706176758,
0.0,
4996.69775390625,
2821.50927734375,
4978.4033203125,
0.0,
0.0,
0.0,
4997.89306640625,
4982.53662109375,
0.0,
4997.5986328125,
750.6754150390625,
321.67193603515625,
0.0,
4998.82421875,
4999.88720703125,
218.26950073242188,
4999.79345703125,
4997.404296875,
191.56787109375,
4987.9375,
339.18408203125,
4961.26904296875,
4997.14892578125,
0.0,
0.0,
4971.533203125,
259.40740966796875,
4999.24853515625,
0.0,
4997.873046875,
0.0,
4986.8251953125,
4996.8408203125,
21.709362030029297,
1344.8636474609375,
257.8511657714844,
4971.73876953125,
473.771728515625,
4997.625,
4996.0712890625,
693.7849731445312,
0.0,
162.80703735351562,
0.0,
456.25885009765625,
53.516666412353516,
4985.5908203125,
4994.74462890625,
281.0215759277344,
4997.6943359375,
0.0,
0.0,
0.0,
0.0,
4991.275390625,
0.0,
0.0,
0.0,
4996.470703125,
0.0,
4983.44921875,
4988.26513671875,
4999.4169921875,
340.83038330078125,
4998.3671875,
4993.38916015625,
4995.72216796875,
552.4833984375,
0.0,
4995.08935546875,
4992.5771484375,
60.50293731689453,
4998.173828125,
4982.26123046875,
343.2605285644531,
466.0644836425781,
4997.5712890625,
4997.908203125,
88.49444580078125,
4983.84130859375,
4999.51806640625,
139.86146545410156,
0.0,
0.0,
4986.97705078125,
0.0,
114.82288360595703,
0.0,
0.0,
4997.32763671875,
0.0,
0.0,
304.4487609863281,
394.5926818847656,
0.0,
4995.5654296875,
209.28118896484375,
0.0,
0.0,
4988.03515625,
36.85352325439453,
4992.0478515625,
186.56137084960938,
4996.724609375,
4989.3837890625,
0.0,
4998.35302734375,
4985.06396484375,
2685.035400390625,
0.0,
0.0,
487.1856994628906,
4987.0283203125,
1359.9610595703125,
4996.275390625,
0.0,
4992.65625,
388.0171203613281,
0.0,
0.0,
4996.177734375,
0.0,
4970.37451171875,
0.0,
4987.6953125,
4992.015625,
218.29840087890625,
0.0,
0.0,
0.0,
0.0,
4982.11083984375,
0.0,
10.5899019241333,
4999.31103515625,
0.0,
0.0,
4995.78955078125,
194.50723266601562,
0.0,
0.0,
4989.255859375,
4999.76416015625,
4991.06298828125,
4989.46337890625,
0.0,
0.0,
1596.218994140625,
0.0,
0.0,
0.0,
4983.45849609375,
0.0,
4986.04248046875,
4997.875,
4982.9580078125,
0.0,
0.0,
4996.56787109375,
4994.12841796875,
0.0,
0.0,
113.01497650146484,
0.0,
151.7715301513672,
0.0,
4994.94384765625,
0.0,
4999.79345703125,
4977.255859375,
4992.26708984375,
0.0,
4997.1083984375,
4994.84716796875,
275.1142883300781,
0.0,
184.08970642089844,
201.65982055664062,
0.0,
4979.5634765625,
4992.07763671875,
4976.880859375,
197.36297607421875,
364.322021484375,
154.6981658935547,
0.0,
4999.54833984375,
134.41651916503906,
209.8899383544922,
0.0,
0.0,
0.0,
170.35194396972656,
4990.44970703125,
4996.8251953125,
610.3743286132812,
627.7967529296875,
97.35787200927734,
81.94113159179688,
0.0,
0.0,
438.26611328125,
698.3419799804688,
0.0,
4995.90625,
304.7850036621094,
0.0,
363.70037841796875,
276.8919372558594,
4995.58544921875,
0.0,
4991.681640625,
0.0,
0.0,
4988.728515625,
4993.75048828125,
646.0029907226562,
0.0,
0.0,
0.0,
4977.396484375,
171.4550323486328,
84.56327056884766,
205.8385009765625,
4979.97021484375,
412.7210998535156,
4983.78857421875,
0.0,
0.0,
59.53037643432617,
55.64059066772461,
4988.638671875,
0.0,
0.0,
4998.1357421875,
4992.3798828125,
4996.15966796875,
4992.7705078125,
4997.40380859375,
1241.7867431640625,
4984.51953125,
215.14125061035156,
21.87384605407715,
311.3887939453125,
0.0,
0.0,
0.0,
4150.6708984375,
0.0,
0.0,
4989.67626953125,
0.0,
4964.00537109375,
257.5846862792969,
171.42227172851562,
0.0,
96.8067855834961,
4997.1005859375,
4989.63525390625,
4992.57177734375,
0.0,
4997.0439453125,
4996.87451171875,
4987.3388671875,
0.0,
31.523317337036133,
4988.94970703125,
4993.53515625,
0.0,
4997.65283203125,
4987.21044921875,
0.0,
4994.15576171875,
0.0,
4963.78564453125,
4998.6142578125,
7.38330078125,
4996.87353515625,
147.27113342285156,
4995.861328125,
226.1790771484375,
543.1694946289062,
134.074462890625,
395.6575622558594,
186.10919189453125,
4961.14794921875,
4986.35205078125,
0.0,
134.1175537109375,
4967.12939453125,
4986.4189453125,
0.0,
0.0,
0.0,
173.56764221191406,
0.0,
0.0,
0.0,
0.0,
577.5338745117188,
0.0,
0.0,
4992.978515625,
297.5804748535156,
4996.94091796875,
188.78041076660156,
0.0,
4999.4765625,
4997.23974609375,
4988.02685546875,
4994.97412109375,
0.0,
4995.1484375,
4992.05126953125,
122.35012817382812,
0.0,
0.0,
267.2950439453125,
513.6676635742188,
4998.892578125,
224.97213745117188,
0.0,
158.11363220214844,
226.79721069335938,
4981.2568359375,
489.6371765136719,
703.6942138671875,
4996.6484375,
0.0,
0.0,
194.70599365234375,
4988.83837890625,
4999.14453125,
0.0,
498.6593017578125,
382.0118713378906,
0.0,
0.0,
4999.83935546875,
220.2676544189453,
0.0,
0.0,
0.0,
0.0,
243.64080810546875,
4986.7802734375,
1141.6319580078125,
4979.6103515625,
0.0,
341.0669250488281,
4989.96728515625,
4987.6845703125,
0.0,
0.0,
0.0,
0.0,
4987.63037109375,
4998.40234375,
4996.611328125,
4997.61572265625,
0.0,
4996.73828125,
0.0,
578.614501953125,
0.0,
285.6080627441406,
0.0,
0.0,
0.0,
0.0,
28.77332878112793,
0.0,
0.0,
4996.490234375,
0.0,
4990.77099609375,
260.8476257324219,
4964.01220703125,
4998.21923828125,
4997.5703125,
110.06048583984375,
4994.6318359375,
0.0,
424.0689697265625,
0.0,
4991.818359375,
302.37548828125,
0.0,
0.0,
4997.58056640625,
112.43673706054688,
4987.45751953125,
0.0,
0.0,
4995.97216796875,
0.0,
0.0,
0.0,
4947.267578125,
192.88987731933594,
623.9503784179688,
322.5923767089844,
86.09858703613281,
4996.87353515625,
478.0462646484375,
530.4171752929688,
0.0,
0.0,
66.48785400390625,
4995.34375,
0.0,
208.9318389892578,
4994.94677734375,
174.6857452392578,
4999.029296875,
0.0,
0.0,
130.99102783203125,
350.3283386230469,
0.0,
195.52224731445312,
240.9041290283203,
0.0,
178.84291076660156,
366.17681884765625,
396.875,
4998.302734375,
4992.5634765625,
37.780025482177734,
4999.5791015625,
4999.72265625,
4991.74560546875,
4994.3369140625,
0.0,
0.0,
274.0714111328125,
269.62774658203125,
0.0,
0.0,
113.61629486083984,
4996.2021484375,
228.3616485595703,
0.0,
1166.8634033203125,
472.65545654296875,
153.1519317626953,
0.0,
449.2326354980469,
4971.80712890625,
4995.7236328125,
0.0,
4994.74072265625,
0.0,
348.6470947265625,
0.0,
0.0,
4980.45654296875,
4981.5478515625,
197.90682983398438,
0.0,
0.0,
4992.09033203125,
0.0,
4952.66064453125,
4986.7744140625,
139.66494750976562,
4998.9755859375,
568.7813110351562,
0.0,
0.0,
0.0,
4997.30615234375,
0.0,
4970.8369140625,
0.0,
0.0,
204.202880859375,
0.0,
4987.29248046875,
0.0,
183.6629638671875,
0.0,
4992.43017578125,
256.5758361816406,
0.0,
0.0,
772.6072998046875,
0.0,
0.0,
0.0,
243.3516845703125,
0.0,
194.31410217285156,
0.0,
217.78126525878906,
204.45022583007812,
0.0,
0.0,
0.0,
0.0,
0.0,
537.1764526367188,
1310.9588623046875,
4999.724609375,
0.0,
4997.7373046875,
4990.3603515625,
0.0,
4998.62158203125,
0.0,
4988.142578125,
4989.14501953125,
0.0,
4978.84619140625,
0.0,
4999.12060546875,
446.82550048828125,
4974.13427734375,
60.55801773071289,
0.0,
4996.02783203125,
0.0,
0.0,
0.0,
0.0,
16.03091049194336,
86.07388305664062,
656.9187622070312,
4999.03857421875,
186.1335906982422,
0.0,
291.3633728027344,
0.0,
237.22750854492188,
4995.69677734375,
314.86083984375,
0.0,
0.0,
366.688720703125,
0.0,
4983.81787109375,
507.1844482421875,
45.88718795776367,
0.0,
131.01434326171875,
276.89508056640625,
4982.90771484375,
0.0,
614.6339721679688,
334.636962890625,
102.74272918701172,
0.0,
0.0,
0.0,
4996.38623046875,
361.578125,
0.0,
95.97105407714844,
174.45494079589844,
4996.8408203125,
279.0628356933594,
208.13278198242188,
268.9936218261719,
231.26512145996094,
4996.5419921875,
4979.220703125,
0.0,
4993.3154296875,
4991.2607421875,
0.0,
4997.8583984375,
334.15106201171875,
4993.1552734375,
218.2943115234375,
0.0,
404.4513244628906,
4986.72607421875,
563.6788330078125,
212.57826232910156,
0.0,
0.0,
0.0,
0.0,
0.0,
288.9256591796875,
0.0,
4994.34228515625,
4975.533203125,
0.0,
4993.953125,
0.0,
51.814998626708984,
4998.21337890625,
4999.82373046875,
0.0,
60.683563232421875,
0.0,
67.63935089111328,
192.01644897460938,
0.0,
4984.13818359375,
0.0,
792.1536254882812,
0.0,
0.0,
0.0,
0.0,
4999.24658203125,
4995.15283203125,
426.26531982421875,
0.0,
0.0,
335.2093200683594,
0.0,
0.0,
4982.29736328125,
0.0,
4997.181640625,
0.0,
0.0,
4993.37939453125,
0.0,
0.0,
0.0,
0.0,
4985.125,
4994.15380859375,
4994.91748046875,
139.72279357910156,
80.6258773803711,
4981.0966796875,
122.04258728027344,
131.36302185058594,
4999.650390625,
4994.9091796875,
4977.03076171875,
79.05811309814453,
273.0484619140625,
33.283164978027344,
0.0,
0.0,
4940.06201171875,
374.99383544921875,
4999.57177734375,
0.0,
4999.98046875,
0.0,
0.0,
0.0,
4999.92626953125,
4999.5771484375,
4987.85205078125,
0.0,
428.2159423828125,
304.8346862792969,
0.0,
244.89486694335938,
500.4454650878906,
0.0,
280.1790466308594,
56.24276351928711,
4999.9990234375,
4990.599609375,
0.0,
0.0,
4989.263671875,
0.0,
4990.615234375,
0.0,
4952.451171875,
0.0,
4985.841796875,
0.0,
24.04962921142578,
4987.20263671875,
0.0,
369.9317932128906,
4989.484375,
4991.525390625,
4993.76953125,
65.2630386352539,
0.0,
4998.56640625,
740.9226684570312,
0.0,
4999.8193359375,
92.25325775146484,
0.0,
0.0,
871.5985717773438,
4995.67236328125,
79.91712188720703,
11.96021842956543,
4999.3203125,
0.0,
0.0,
0.0,
134.328125,
4996.3525390625,
0.0,
72.28289794921875,
360.6377868652344,
4988.36328125,
0.0,
4998.92333984375,
0.0,
254.32444763183594,
331.7529602050781,
4994.578125,
4994.24072265625,
0.0,
4987.9609375,
0.0,
466.1959533691406,
0.0,
0.0,
236.69505310058594,
0.0,
4969.3125,
0.0,
0.0,
45.56155014038086,
4999.2177734375,
4975.98486328125,
552.83642578125,
0.0,
0.0,
0.0,
0.0,
0.0,
4979.66748046875,
4999.2236328125,
0.0,
538.8714599609375,
4999.83203125,
0.0,
10.69190502166748,
4999.81591796875,
4997.69775390625,
4989.65185546875,
331.1880798339844,
4993.53173828125,
4990.6962890625,
181.7585906982422,
254.1100616455078,
4995.0927734375,
4995.947265625,
0.0,
4998.24365234375,
4998.6689453125,
4984.076171875,
0.0,
4998.83203125,
0.0,
0.0,
281.3373718261719,
4997.8046875,
245.6910400390625,
463.6320495605469,
733.1643676757812,
0.0,
203.04299926757812,
4992.4140625,
0.0,
0.0,
4988.73486328125,
4984.44677734375,
4974.52978515625,
0.0,
4998.14990234375,
4993.384765625,
91.04752349853516,
0.0,
259.01446533203125,
4970.86669921875,
237.4083709716797,
4986.91845703125,
0.0,
314.5250549316406,
4997.6904296875,
158.76107788085938,
0.0,
0.0,
0.0,
398.8779296875,
4983.3974609375,
4999.666015625,
0.0,
46.61592483520508,
0.0,
4972.3525390625,
0.0,
0.0,
4998.52978515625,
0.0,
4996.14697265625,
2232.558837890625,
0.0,
0.0,
313.04296875,
4994.34619140625,
267.6750793457031,
106.86817932128906,
4993.33935546875,
570.1849975585938,
4992.59716796875,
24.240459442138672,
4995.0205078125,
0.0,
142.44419860839844,
0.0,
4990.8583984375,
0.0,
0.0,
489.3749694824219,
533.4712524414062,
4979.326171875,
4994.0224609375,
0.0,
0.0,
296.6848449707031,
4997.41748046875,
72.71726989746094,
4981.7421875,
753.45166015625,
0.0,
110.96018981933594,
4997.99951171875,
4993.98779296875,
0.0,
105.83426666259766,
4997.841796875,
0.0,
0.0,
4993.12548828125,
0.0,
4986.296875,
4999.560546875,
197.0299530029297,
0.0,
4996.0009765625,
4999.2734375,
0.0,
534.999755859375,
0.0,
4256.5673828125,
0.0,
715.7870483398438,
0.0,
4998.0107421875,
211.57569885253906,
4997.98876953125,
319.32470703125,
0.0,
0.0,
311.07452392578125,
589.0811767578125,
0.0,
267.3101501464844,
333.7040100097656,
365.1119079589844,
4991.359375,
0.0,
0.0,
4998.73974609375,
448.7684020996094,
0.0,
250.2060089111328,
0.0,
909.00048828125,
1162.4947509765625,
388.1984558105469,
59.27628707885742,
313.4986572265625,
4954.6640625,
0.0,
4976.583984375,
1520.2095947265625,
0.0,
298.7766418457031,
4998.23046875,
4996.25927734375,
423.18994140625,
148.84521484375,
531.4595336914062,
204.81129455566406,
4992.94140625,
311.64312744140625,
293.2631530761719,
173.54354858398438,
444.7839660644531,
4996.88134765625,
0.0,
4994.361328125,
198.9102783203125,
4990.54931640625,
4992.3955078125,
4996.8056640625,
4989.33203125,
0.0,
4983.95361328125,
4980.615234375,
4989.529296875,
4982.7900390625,
470.6749572753906,
500.50543212890625,
4979.04052734375,
111.00301361083984,
0.0,
4998.404296875,
4988.18896484375,
0.0,
0.0,
0.0,
0.0,
61.00004577636719,
163.9930877685547,
393.07476806640625,
4999.7451171875,
4987.02490234375,
0.0,
4997.8837890625,
257.6249694824219,
0.0,
0.0,
4985.32373046875,
4993.9736328125,
4999.60302734375,
247.6181640625,
0.0,
916.6123046875,
736.6193237304688,
4983.74951171875,
0.0,
4991.19775390625,
0.0,
82.80143737792969,
588.5469360351562,
4980.06787109375,
0.0,
0.0,
0.0,
4983.30517578125,
254.62991333007812,
4993.65966796875,
61.53229904174805,
0.0,
4994.599609375,
541.8737182617188,
270.4853210449219,
4987.23974609375,
105.08631134033203,
4989.072265625,
68.0205078125,
228.64271545410156,
259.6996765136719,
4996.4931640625,
0.0,
4986.33837890625,
4954.8076171875,
0.0,
4985.95947265625,
0.0,
0.0,
373.24163818359375,
184.18096923828125,
0.0,
0.0,
104.6439208984375,
4999.35595703125,
0.0,
4998.11376953125,
12.539386749267578,
644.5635375976562,
381.6940002441406,
4998.08740234375,
0.0,
787.054443359375,
4996.6181640625,
353.73089599609375,
0.0,
0.0,
4973.75634765625,
315.11090087890625,
4994.7158203125,
225.4391632080078,
159.0633087158203,
330.08795166015625,
4979.76708984375,
0.0,
0.0,
4987.955078125,
0.0,
4985.9677734375,
0.0,
4980.6572265625,
4999.68798828125,
100.63514709472656,
4999.20361328125,
0.0,
4988.19091796875,
4992.2841796875,
153.4129638671875,
111.31654357910156,
0.0,
4519.54736328125,
0.0,
187.81222534179688,
0.0,
0.0,
4994.22265625,
340.8243103027344,
4998.90234375,
0.0,
625.8560180664062,
0.0,
4996.27490234375,
0.0,
0.0,
0.0,
0.0,
0.0,
0.0,
577.3934936523438,
341.21954345703125,
4986.4814453125,
58.999942779541016,
4994.9404296875,
4938.67041015625,
498.2031555175781,
4999.3544921875,
186.2318115234375,
0.0,
4996.46728515625,
383.05059814453125,
0.0,
4987.6513671875,
0.0,
241.1153564453125,
4989.90869140625,
4991.36279296875,
417.9399108886719,
4997.36181640625,
0.0,
4991.6357421875,
0.0,
0.0,
4992.38037109375,
29.360315322875977,
4999.79638671875,
0.0,
146.20565795898438,
230.41929626464844,
0.0,
4996.0087890625,
4988.318359375,
4989.59765625,
25.64104461669922,
0.0,
0.0,
4975.052734375,
4998.40087890625,
0.0,
4963.50537109375,
0.0,
0.0,
4997.49365234375,
4998.775390625,
0.0,
0.0,
0.0,
4999.7978515625,
189.52569580078125,
230.31857299804688,
0.0,
0.0,
4994.58154296875,
4985.4541015625,
4996.1796875,
0.0,
0.0,
4997.83740234375,
787.5875854492188,
274.5431213378906,
4986.0517578125,
4993.9375,
4979.27978515625,
4993.6875,
4978.0302734375,
161.68115234375,
306.02410888671875,
0.0,
0.0,
4996.59912109375,
0.0,
461.7490234375,
0.0,
0.0,
4998.74267578125,
408.9253234863281,
4975.43994140625,
4982.57177734375,
0.0,
0.0,
0.0,
4996.60498046875,
4998.8955078125,
0.0,
0.0,
262.21942138671875,
0.0,
4990.93359375,
4978.296875,
0.0,
0.0,
4999.0771484375,
287.34619140625,
2317.2607421875,
0.0,
0.0,
147.14134216308594,
4996.14990234375,
4998.66015625,
158.7053680419922,
0.0,
0.0,
0.0,
4988.6728515625,
0.0,
4982.25537109375,
0.0,
4974.26416015625,
4993.2607421875,
4999.18115234375,
0.0,
4991.46337890625,
0.0,
0.0,
0.0,
4984.23486328125,
0.0,
622.9462280273438,
4971.99365234375,
267.1578674316406,
0.0,
383.55169677734375,
4989.45703125,
282.990234375,
0.0,
4997.73876953125,
0.0,
0.0,
4992.203125,
4997.50390625,
0.0,
4992.16748046875,
216.62847900390625,
0.0,
4990.7177734375,
4982.61181640625,
0.0,
184.443603515625,
568.6509399414062,
4999.25634765625,
354.6270446777344,
0.0,
0.0,
0.0,
4985.7255859375,
0.0,
0.0,
4980.68505859375,
4996.51123046875,
4999.8603515625,
4973.52880859375,
4986.61376953125,
4981.39794921875,
86.5097885131836,
0.0,
4998.26953125,
79.27870178222656,
204.73602294921875,
0.0,
0.0,
4981.443359375,
0.0,
4997.8623046875,
41.933433532714844,
0.0,
402.27520751953125,
0.0,
146.76686096191406,
0.0,
427.7684631347656,
301.9716491699219,
4984.51953125,
0.0,
4995.97607421875,
0.0,
0.0,
31.2042293548584,
4981.78857421875,
4993.73876953125,
0.0,
4990.0283203125,
4977.720703125,
4997.6689453125,
0.0,
180.4785919189453,
0.0,
0.0,
4990.13623046875,
0.0,
0.0,
0.0,
4986.943359375,
0.0,
4998.724609375,
0.0,
0.0,
0.0,
4987.8876953125,
242.39468383789062,
4997.94970703125,
190.58273315429688,
495.1322937011719,
0.0,
0.0,
136.09530639648438,
397.5506896972656,
4998.58349609375,
4985.9853515625,
4993.40283203125,
0.0,
4986.072265625,
4981.70703125,
4996.79443359375,
0.0,
4994.51171875,
15.414098739624023,
249.00144958496094,
366.3929138183594,
0.0,
0.0,
0.0,
4979.2431640625,
0.0,
0.0,
4999.6474609375,
384.1050720214844,
0.0,
4999.654296875,
0.0,
0.0,
55.957393646240234,
0.0,
133.26739501953125,
4972.7216796875,
250.25050354003906,
4987.79638671875,
0.0,
0.0,
0.0,
310.9195251464844,
263.0093688964844,
4993.33154296875,
4977.7470703125,
4961.1328125,
0.0,
4997.55029296875,
0.0,
258.91290283203125,
0.0,
0.0,
0.0,
0.0,
61.37104797363281,
4998.40478515625,
4984.2109375,
0.0,
0.0,
0.0,
4996.00341796875,
0.0,
154.84780883789062,
0.0,
4998.04736328125,
0.0,
61.434837341308594,
0.0,
0.0,
547.8434448242188,
4991.556640625,
4997.13916015625,
4997.603515625,
812.9610595703125,
4979.2451171875,
113.75358581542969,
4990.56103515625,
0.0,
4995.25537109375,
0.0,
201.1328125,
0.0,
0.0,
4995.25732421875,
4979.73779296875,
0.0,
0.0,
0.0,
76.01807403564453,
4993.50927734375,
0.0,
262.68121337890625,
4992.7919921875,
0.0,
0.0,
0.0,
4985.90185546875,
4992.36767578125,
381.64813232421875,
4998.37060546875,
0.0,
0.0,
0.0,
0.0,
4985.6650390625,
307.2569274902344,
0.0,
4986.55859375,
120.53477478027344,
4994.5869140625,
249.86044311523438,
0.0,
0.0,
0.0,
107.94112396240234,
4995.79296875,
230.48410034179688,
260.06951904296875,
108.41350555419922,
4994.1357421875,
4980.3828125,
4967.3828125,
4988.6650390625,
250.1428680419922,
0.0,
62.4330940246582,
562.8469848632812,
4968.19677734375,
4996.263671875,
4999.44970703125,
0.0,
329.4888610839844,
4984.568359375,
4997.36328125,
0.0,
774.9690551757812,
4982.94580078125,
4982.5087890625,
38.33806610107422,
4996.03173828125,
4984.001953125,
0.0,
88.6192626953125,
0.0,
0.0,
4999.72998046875,
4970.26416015625,
553.0086059570312,
142.20541381835938,
0.0,
1437.8770751953125,
0.0,
0.0,
245.58843994140625,
304.65325927734375,
0.0,
4975.72802734375,
4994.81494140625,
0.0,
60.26675796508789,
616.6680908203125,
0.0,
0.0,
163.6738739013672,
4997.87109375,
4992.3330078125,
0.0,
174.90574645996094,
4996.1396484375,
4977.7607421875,
0.0,
0.0,
484.22076416015625,
0.0,
4995.99267578125,
4987.44091796875,
4982.27587890625,
92.51602935791016,
0.0,
4984.30419921875,
4999.3671875,
714.0969848632812,
0.0,
0.0,
0.0,
0.0,
52.16286849975586,
0.0,
4994.5986328125,
403.4286193847656,
556.2887573242188,
301.9147033691406,
131.6180877685547,
0.0,
0.0,
0.0,
391.4927978515625,
0.0,
0.0,
1076.3577880859375,
4996.13671875,
4999.47119140625,
0.0,
4999.67822265625,
0.0,
0.0,
121.81914520263672,
4982.74462890625,
338.1560363769531,
219.8699188232422,
0.0,
0.0,
0.0,
4985.8046875,
572.479736328125,
0.0,
0.0,
53.909515380859375,
403.895263671875,
140.02059936523438,
0.0,
705.6218872070312,
764.28564453125,
0.0,
4991.69921875,
0.0,
0.0,
0.0,
0.0,
4993.4306640625,
4970.3681640625,
0.0,
1197.0308837890625,
0.0,
159.00865173339844,
0.0,
4996.29150390625,
0.0,
0.0,
4989.2900390625,
157.59014892578125,
159.68630981445312,
19.356822967529297,
0.0,
4984.95947265625,
4987.06298828125,
0.0,
266.423583984375,
627.9161987304688,
4985.669921875,
0.0,
4996.8369140625,
4993.3291015625,
4979.75634765625,
4956.7724609375,
4996.85498046875,
46.67737579345703,
4996.04345703125,
4999.41552734375,
4986.74951171875,
4990.24755859375,
4958.65869140625,
24.499893188476562,
4986.95361328125,
0.0,
328.73577880859375,
0.0,
123.50664520263672,
4999.845703125,
4945.51513671875,
0.0,
303.0677795410156,
0.0,
4993.17236328125,
0.0,
0.0,
0.0,
4984.775390625,
4995.90625,
4984.54736328125,
4971.8134765625,
0.0,
0.0,
398.3069763183594,
4985.98681640625,
0.0,
4994.46484375,
360.52655029296875,
298.3272705078125,
4998.86328125,
404.05426025390625,
0.0,
4994.74560546875,
4979.62890625,
0.0,
0.0,
0.0,
4985.96875,
265.1338806152344,
0.0,
4994.74609375,
0.0,
0.0,
0.0,
4995.91845703125,
0.0,
0.0,
4976.70849609375,
0.0,
1261.953857421875,
0.0,
4978.1044921875,
4974.17138671875,
0.0,
759.1591186523438,
0.0,
303.8732604980469,
4994.306640625,
0.0,
0.0,
260.8814697265625,
288.02337646484375,
0.0,
4978.4384765625,
4996.619140625,
240.10105895996094,
31.312152862548828,
0.0,
0.0,
15.6292724609375,
0.0,
4991.623046875,
0.0,
0.0,
0.0,
0.0,
0.0,
0.0,
155.08609008789062,
4983.697265625,
4993.4169921875,
161.25982666015625,
644.6317749023438,
0.0,
0.0,
4971.06103515625,
0.0,
4986.25830078125,
4952.1689453125,
0.0,
0.0,
4988.6240234375,
4999.65185546875,
4958.42578125,
0.0,
369.62127685546875,
0.0,
343.7276306152344,
274.9944763183594,
4987.26123046875,
4989.75537109375,
4966.54345703125,
208.00161743164062,
273.65069580078125,
0.0,
4998.86474609375,
4998.81982421875,
65.44789123535156,
643.717041015625,
0.0,
0.0,
4967.2451171875,
0.0,
4987.6572265625,
0.0,
565.4031372070312,
4976.1630859375,
201.84654235839844,
0.0,
4994.8828125,
4985.86083984375,
81.01060485839844,
0.0,
0.0,
303.571533203125,
135.64804077148438,
0.0,
179.1337432861328,
0.0,
4942.14794921875,
4989.07080078125,
4984.755859375,
4986.6279296875,
4998.57568359375,
99.50748443603516,
0.0,
2.7389774322509766,
4988.865234375,
0.0,
4970.08740234375,
4993.0302734375,
0.0,
4980.55322265625,
4997.77001953125,
281.3235778808594,
4964.1875,
0.0,
4976.81982421875,
0.0,
436.6080322265625,
246.10362243652344,
0.0,
4986.5546875,
4972.7314453125,
0.0,
4961.486328125,
0.0,
0.0,
0.0,
4967.44775390625,
0.0,
4983.72607421875,
0.0,
4989.525390625,
4951.1982421875,
4967.99462890625,
33.33796691894531,
4998.12451171875,
4977.29345703125,
123.49718475341797,
4992.90771484375,
6.989055633544922,
364.986572265625,
237.56167602539062,
110.33973693847656,
0.0,
232.23712158203125,
4974.9501953125,
4959.73046875,
340.6175842285156,
4989.31982421875,
0.0,
239.73451232910156,
0.0,
0.0,
0.0,
0.0,
4992.2890625,
160.05075073242188,
4998.20361328125,
4989.32958984375,
4992.41259765625,
0.0,
334.2740783691406,
79.92314147949219,
4974.3359375,
4988.01513671875,
4962.2236328125,
0.0,
139.92596435546875,
0.0,
0.0,
131.3907928466797,
4973.29150390625,
4988.4482421875,
676.0515747070312,
0.0,
4981.6328125,
437.13848876953125,
0.0,
0.0,
1963.578125,
4988.25830078125,
0.0,
4989.154296875,
0.0,
4986.099609375,
461.0899353027344,
4998.77294921875,
0.0,
4989.60693359375,
56.25398254394531,
373.2825927734375,
0.0,
4938.2255859375,
4987.15234375,
0.0,
0.0,
362.2917175292969,
28.528141021728516,
0.0,
360.2825927734375,
0.0,
4988.05810546875,
0.0,
4966.123046875,
440.88519287109375,
0.0,
382.1315612792969,
0.0,
565.4907836914062,
4991.5615234375,
150.4542694091797,
0.0,
4992.67724609375,
4990.06005859375,
254.06991577148438,
281.91680908203125,
4992.58837890625,
0.0,
86.4254150390625,
532.62646484375,
0.0,
242.02113342285156,
0.0,
4999.25830078125,
0.0,
0.0,
0.0,
136.224609375,
282.5954284667969,
4986.7109375,
4.040960788726807,
175.7849884033203,
242.04376220703125,
4998.22265625,
0.0,
4977.41357421875,
138.39146423339844,
364.80133056640625,
378.6943664550781,
0.0,
4959.705078125,
0.0,
430.3703918457031,
338.4718933105469,
4996.03955078125,
0.0,
4998.85546875,
0.0,
822.7086791992188,
0.0,
3.1329705715179443,
0.0,
224.56724548339844,
143.88035583496094,
4977.32568359375,
0.0,
140.57632446289062,
0.0,
4998.2255859375,
137.21583557128906,
4995.85009765625,
4965.06103515625,
4987.15283203125,
4949.935546875,
4999.09716796875,
4982.71044921875,
245.87542724609375,
4999.009765625,
4949.779296875,
4989.609375,
4981.978515625,
4973.65478515625,
273.9974060058594,
4999.30810546875,
4996.79296875,
4973.0068359375,
4992.2646484375,
609.8018798828125,
0.0,
4991.7646484375,
381.1739196777344,
0.0,
160.59364318847656,
692.8299560546875,
0.0,
4966.8974609375,
0.0,
4974.06494140625,
0.0,
4997.94580078125,
4978.5595703125,
4994.59521484375,
0.0,
72.68534851074219,
118.69570922851562,
130.27345275878906,
4974.3876953125,
446.1800537109375,
0.0,
4990.31298828125,
133.4815673828125,
0.0,
4997.77587890625,
0.0,
709.5540771484375,
4971.43994140625,
4995.39697265625,
27.9783878326416,
113.83789825439453,
bevore adding solver back in, here are the stats:
cross accuracy is 0.9230769230769231
actual key is gxrizqhfywujodvcpAabsknmtle
pred key is   xgziyhrqwfsujodcvpAabktlmne
difference of both scores is 5.541748046875
adding solver LSTech_Maple back in
it has index 10
this gives an accuracy (true) of 0.8214285714285714
the cross accuracy is 0.917989417989418
actual key is gysiArhfzxvjpdwcqBabtlkonume
pred key is   ygAizhsrxftvjpdcwqkBablumnoe