run with 100.000 calculation steps and 0.5 cross maxing without solver index 5:

result was 

Par2Diff    CrossAcc  TrueAcc
646.161133  0.945869  0.928571


4999.99560546875,
371.0067138671875,
286.7392272949219,
26.395084381103516,
1.937882423400879,
4999.95361328125,
2904.981201171875,
1763.1783447265625,
4999.9892578125,
177.91622924804688,
986.7998046875,
51.269474029541016,
1968.602783203125,
4999.96337890625,
73.13063049316406,
26.983003616333008,
4999.9833984375,
18.09025764465332,
1.3254152536392212,
1009.9190673828125,
4999.900390625,
4837.37158203125,
98.0875015258789,
1214.1761474609375,
1783.916748046875,
4999.86962890625,
555.6033325195312,
7.602218151092529,
4999.95361328125,
308.2310791015625,
4999.7734375,
1582.815185546875,
285.15411376953125,
21.60267448425293,
4999.9921875,
265.60906982421875,
5000.0,
4999.83544921875,
37.1959228515625,
55.04414367675781,
3584.652587890625,
4197.1240234375,
145.13502502441406,
4099.44921875,
1917.4752197265625,
3276.608642578125,
449.4369812011719,
210.68399047851562,
221.8171844482422,
51.18695068359375,
1488.0072021484375,
1088.812744140625,
4999.615234375,
574.3460693359375,
1077.8035888671875,
112.92964935302734,
4999.98974609375,
653.2672119140625,
5000.0,
4999.9931640625,
231.183349609375,
12.154871940612793,
2748.529541015625,
591.5538330078125,
1830.5369873046875,
2477.552734375,
2037.1842041015625,
243.89932250976562,
4999.68603515625,
99.57145690917969,
3753.4072265625,
805.7269897460938,
4998.60400390625,
2486.45703125,
2189.230712890625,
4999.658203125,
407.2535095214844,
321.650390625,
4999.93994140625,
1443.3612060546875,
154.31617736816406,
2492.2080078125,
5000.0,
4999.65087890625,
4999.89697265625,
1049.322265625,
4999.53076171875,
882.6593627929688,
1286.2371826171875,
3078.064453125,
4999.88427734375,
7.890382766723633,
20.977109909057617,
65.96355438232422,
4999.16943359375,
13.175470352172852,
4999.22412109375,
4377.4951171875,
4999.939453125,
4999.94921875,
245.8422393798828,
1003.7730102539062,
1798.902587890625,
4999.5673828125,
2682.74072265625,
262.6538391113281,
28.085229873657227,
4999.7177734375,
4999.7861328125,
0.0,
31.32628059387207,
1410.8883056640625,
19.87393569946289,
4999.8740234375,
4059.62158203125,
4340.70849609375,
110.04075622558594,
27.322813034057617,
4994.18798828125,
1914.4393310546875,
4999.94091796875,
2214.199462890625,
19.519725799560547,
4575.85302734375,
4999.37841796875,
4999.89453125,
790.55029296875,
308.345703125,
307.714599609375,
497.0062561035156,
28.61577606201172,
4999.8896484375,
1015.5704345703125,
15.328969955444336,
4999.9228515625,
2061.75927734375,
4999.96728515625,
2712.864501953125,
399.42559814453125,
43.431785583496094,
4999.740234375,
28.618328094482422,
46.15924072265625,
967.624755859375,
1036.1910400390625,
4999.80859375,
22.771480560302734,
22.87575340270996,
4999.44287109375,
77.25443267822266,
528.5316162109375,
5000.0,
1587.3482666015625,
16.03864288330078,
30.547565460205078,
433.7430419921875,
5.263744831085205,
5000.0,
135.69696044921875,
128.9333038330078,
7.9073100090026855,
107.87438201904297,
3115.958984375,
1085.2276611328125,
4999.9375,
1548.679443359375,
1974.662353515625,
4999.55419921875,
4999.4072265625,
4001.16552734375,
662.257080078125,
4999.98779296875,
0.0,
1138.491455078125,
4999.9931640625,
332.5245056152344,
4999.833984375,
5000.0,
2596.97998046875,
32.70925521850586,
27.403865814208984,
2356.6337890625,
4.091770172119141,
3386.2548828125,
4999.67333984375,
4878.09521484375,
863.9342041015625,
3039.75439453125,
16.904829025268555,
1958.8775634765625,
75.82695770263672,
10.858521461486816,
1301.157958984375,
35.34379196166992,
125.70759582519531,
989.0548706054688,
2478.352783203125,
95.430908203125,
4833.8310546875,
4999.79541015625,
20.67035484313965,
2338.401611328125,
9.26556396484375,
15.281782150268555,
19.844257354736328,
4999.677734375,
659.5984497070312,
4999.32861328125,
4999.6298828125,
4999.44580078125,
4999.0966796875,
34.97730255126953,
4999.927734375,
1129.4200439453125,
4999.4736328125,
54.31370162963867,
4999.67333984375,
191.29859924316406,
56.89045715332031,
22.76988983154297,
540.933837890625,
37.40933609008789,
298.89752197265625,
4999.76171875,
4999.84375,
376.8649597167969,
4999.59814453125,
303.2367858886719,
4999.91064453125,
328.3304443359375,
4999.53466796875,
324.3138427734375,
3250.271728515625,
2304.793212890625,
67.07125854492188,
0.0,
2318.4990234375,
4999.59423828125,
1512.40234375,
4999.89599609375,
2159.86083984375,
6.620455741882324,
584.1146240234375,
1480.21337890625,
4394.19921875,
1803.2451171875,
83.60997772216797,
4998.49072265625,
19.399398803710938,
139.1304931640625,
962.298583984375,
30.26165199279785,
203.66793823242188,
4999.33447265625,
26.98861312866211,
221.0730743408203,
82.30564880371094,
4692.2099609375,
4998.73974609375,
20.774484634399414,
931.63037109375,
769.5057373046875,
4998.25341796875,
608.634033203125,
4999.93896484375,
439.7857971191406,
1007.2568969726562,
991.4452514648438,
420.80450439453125,
4999.0576171875,
4.7550764083862305,
52.879337310791016,
4999.81591796875,
20.82489585876465,
242.7737579345703,
4998.9619140625,
0.30104026198387146,
652.2147827148438,
4999.73876953125,
1113.9688720703125,
239.76956176757812,
4999.80029296875,
867.0362548828125,
13.13410758972168,
3164.587646484375,
37.521759033203125,
4999.431640625,
7.357720375061035,
2548.218017578125,
68.4949722290039,
220.06568908691406,
4999.8388671875,
4999.0068359375,
4998.5166015625,
91.0743179321289,
4999.79638671875,
4999.85986328125,
1407.3865966796875,
2992.516357421875,
4998.02734375,
1745.8779296875,
315.1121520996094,
1479.1029052734375,
1753.6019287109375,
3156.26171875,
73.81025695800781,
4999.64306640625,
286.6436462402344,
44.295188903808594,
147.56729125976562,
316.4864196777344,
23.736303329467773,
4999.923828125,
1703.5382080078125,
29.10342025756836,
4999.17431640625,
1994.055419921875,
2366.870849609375,
359.0736999511719,
213.92869567871094,
16.33050537109375,
58.70521926879883,
743.9912719726562,
260.5211181640625,
11.735777854919434,
277.2367858886719,
26.171863555908203,
739.0648193359375,
257.56988525390625,
4999.6962890625,
873.0625,
4998.74560546875,
0.9288018345832825,
4999.09619140625,
0.23093001544475555,
4024.317138671875,
569.9411010742188,
13.73482608795166,
163.04342651367188,
37.87788391113281,
439.0060119628906,
450.99298095703125,
17.615985870361328,
0.08744415640830994,
1273.0328369140625,
2552.096435546875,
30.99750328063965,
885.0805053710938,
12.433680534362793,
843.2244262695312,
2093.556884765625,
2099.83203125,
4999.11572265625,
149.60263061523438,
476.55206298828125,
4998.0634765625,
908.9743041992188,
4999.916015625,
4999.86328125,
557.8623657226562,
742.8186645507812,
43.041507720947266,
23.498193740844727,
1253.5814208984375,
562.2105102539062,
0.0,
3643.36279296875,
4999.2451171875,
198.5201416015625,
247.283935546875,
4999.40283203125,
4997.9287109375,
18.753841400146484,
4998.00634765625,
4997.05810546875,
11.162654876708984,
4999.2177734375,
271.9939880371094,
28.06146240234375,
1279.49560546875,
1.627180814743042,
0.0,
58.00831604003906,
4998.9208984375,
0.0,
46.50308609008789,
0.0,
0.0,
27.68819808959961,
30.302074432373047,
0.0,
309.8822326660156,
58.57951354980469,
0.0,
0.0,
0.0,
28.8707275390625,
0.0,
8.316725730895996,
22.92137336730957,
0.0,
0.3882473111152649,
0.0,
0.0,
796.8046264648438,
0.0,
0.0,
20.962453842163086,
0.0,
0.0,
275.0975036621094,
0.0,
578.4063720703125,
0.0,
117.58036804199219,
0.0,
30.04962921142578,
0.0,
0.0,
0.0,
13.596301078796387,
0.0,
0.0,
31.989742279052734,
0.0,
0.0,
67.58427429199219,
0.0,
21.341552734375,
0.0,
32.87028884887695,
0.0,
164.20443725585938,
0.0,
165.3045196533203,
0.0,
0.0,
34.47609329223633,
34.98212432861328,
0.0,
4999.2802734375,
0.0,
0.0,
0.0,
0.0,
0.24229761958122253,
10.967039108276367,
0.0,
0.0,
0.0,
25.660648345947266,
0.0,
4999.240234375,
28.7187442779541,
0.0,
0.0,
0.0,
0.0,
20.73240852355957,
0.0,
0.0,
0.0,
0.0,
232.083251953125,
28.32721710205078,
0.0,
16.19778060913086,
12.535357475280762,
0.0,
0.0,
0.0,
0.0,
0.0,
0.0,
0.0,
0.0,
468.8070983886719,
0.0,
446.85009765625,
15.038665771484375,
0.0,
83.0309829711914,
0.0,
0.0,
14.814605712890625,
210.6643829345703,
519.75244140625,
0.0,
4999.96875,
52.141849517822266,
0.0,
0.0,
0.0,
0.0,
39.53165817260742,
0.0,
0.0,
0.0,
0.0,
0.0,
57.1406135559082,
0.0,
912.1112670898438,
23.278329849243164,
0.0,
8.564200401306152,
15.927498817443848,
462.9533386230469,
17.173973083496094,
0.0,
0.0,
18.619550704956055,
546.34814453125,
222.1361083984375,
0.0,
0.0,
0.0,
0.0,
0.0,
4999.8251953125,
0.0,
163.46127319335938,
0.0,
0.0,
0.0,
2315.45458984375,
35.11301803588867,
0.0,
28.878938674926758,
0.0,
85.34893798828125,
0.0,
0.0,
19.810829162597656,
48.860435485839844,
38.5013313293457,
0.0,
0.0,
0.0,
0.0,
0.0,
0.0,
0.0,
0.0,
0.0,
0.0,
1.6457805633544922,
6.3576531410217285,
0.0,
0.0,
0.0,
15.035194396972656,
4.123987674713135,
0.0,
0.0,
0.0,
23.70170021057129,
0.0,
0.0,
0.0,
105.54508972167969,
0.0,
709.961669921875,
731.9152221679688,
0.0,
0.0,
0.0,
0.0,
0.0,
279.1487121582031,
0.0,
32.1881103515625,
5.60260009765625,
0.0,
0.0,
0.0,
4999.85302734375,
57.64387893676758,
57.92108917236328,
31.900880813598633,
0.0,
66.10235595703125,
0.0,
41.00355529785156,
0.0,
106.07801818847656,
244.03160095214844,
21.57437515258789,
0.0,
0.0,
8.756085395812988,
0.0,
36.297767639160156,
6.638416767120361,
0.0,
0.0,
33.177120208740234,
0.0,
0.0,
0.0,
0.0,
0.0,
0.0,
0.0,
347.3515625,
0.0,
27.493438720703125,
0.0,
7.136890411376953,
14.59693717956543,
434.3310546875,
0.0,
0.0,
0.0,
0.0,
3.8767871856689453,
802.0635986328125,
0.0,
22.420190811157227,
25.67281723022461,
0.0,
0.0,
4999.9638671875,
0.0,
0.0,
90.43114471435547,
0.0,
457.55340576171875,
280.509521484375,
0.0,
52.07432174682617,
21.931241989135742,
128.28741455078125,
0.0,
0.0,
52.33814239501953,
0.0,
288.0038146972656,
0.0,
21.320213317871094,
0.0,
0.0,
0.0,
0.0,
1153.8746337890625,
0.0,
0.0,
19.325942993164062,
31.101398468017578,
13.15917682647705,
23.053190231323242,
1843.7271728515625,
0.0,
0.0,
14.444723129272461,
0.0,
0.0,
21.91607666015625,
0.0,
35.93240737915039,
0.0,
56.102821350097656,
0.0,
0.0,
0.0,
0.0,
0.0,
148.25506591796875,
171.9094696044922,
0.0,
31.534706115722656,
24.195817947387695,
0.0,
32.8239860534668,
0.0,
4999.9716796875,
0.0,
0.0,
15.219280242919922,
0.0,
0.0,
0.0,
0.0,
0.0,
227.45562744140625,
0.0,
0.0,
0.0,
1.9810547828674316,
47.25740432739258,
29.47772216796875,
68.3521728515625,
26.038375854492188,
34.31935501098633,
42.986995697021484,
0.0,
0.0,
15.002676010131836,
0.0,
0.0,
0.0,
0.0,
396.240234375,
42.190486907958984,
1697.4786376953125,
0.0,
0.0,
0.0,
62.12107849121094,
0.0,
22.398677825927734,
0.0,
0.0,
0.0,
28.077302932739258,
818.585205078125,
37.1842041015625,
0.0,
36.13727951049805,
0.0,
0.0,
0.0,
0.0,
0.0,
0.0,
0.0,
102.17363739013672,
0.0,
124.58580017089844,
19.414358139038086,
0.0,
0.0,
0.0,
57.66281509399414,
0.0,
160.76321411132812,
477.6695251464844,
11.165412902832031,
0.0,
0.0,
0.0,
4999.0283203125,
0.0,
0.0,
23.64591407775879,
15.803690910339355,
5.961514949798584,
0.0,
0.0,
0.0,
47.5848274230957,
0.0,
0.0,
0.0,
1025.51220703125,
0.0,
0.0,
0.0,
0.0,
0.0,
2252.04296875,
31.31891441345215,
0.0,
0.0,
0.0,
0.0,
0.0,
30.811716079711914,
0.0,
0.0,
0.0,
0.0,
0.0,
0.0,
0.0,
51.33281326293945,
0.0,
67.82893371582031,
196.81263732910156,
0.0,
19.459064483642578,
241.4685821533203,
0.0,
0.0,
0.2221636027097702,
0.0,
0.0,
0.0,
83.12564086914062,
0.0,
34.556217193603516,
0.0,
0.0,
304.34368896484375,
109.83203125,
415.1182861328125,
0.0,
0.0,
349.8668212890625,
13.741006851196289,
0.0,
12.29751205444336,
28.86431312561035,
119.65081024169922,
0.3776033818721771,
3210.3515625,
0.0,
0.0,
0.0,
6.4595537185668945,
0.0,
0.0,
0.0,
0.0,
0.0,
44.9084358215332,
0.0,
0.0,
0.0,
765.0113525390625,
4999.36572265625,
22.10157012939453,
31.30644989013672,
0.0,
0.0,
0.0,
0.0,
127.34952545166016,
158.04928588867188,
60.4671745300293,
0.0,
81.29316711425781,
0.0,
1002.551025390625,
0.0,
196.1184539794922,
1.3492904901504517,
0.0,
0.0,
0.0,
23.369380950927734,
0.0,
18.27287483215332,
374.0290832519531,
11.923343658447266,
0.0,
825.8032836914062,
0.0,
0.0,
0.0,
24.632062911987305,
0.0,
18.82581329345703,
0.0,
0.0,
3.145890235900879,
0.0,
7.397212505340576,
0.0,
0.0,
9.514575958251953,
0.0,
0.0,
0.0,
1.4715638160705566,
4999.64794921875,
23.913185119628906,
1599.8338623046875,
20.541854858398438,
20.35715103149414,
30.86882209777832,
0.0,
0.0,
0.0,
0.0,
124.26229095458984,
228.68252563476562,
0.0,
86.36712646484375,
0.0,
0.0,
0.0,
0.0,
20.342510223388672,
0.0,
0.0,
3125.98193359375,
0.0,
0.0,
143.6202392578125,
0.0,
154.0477752685547,
0.0,
216.05844116210938,
0.0,
0.0,
335.9353942871094,
0.0,
0.0,
55.09592819213867,
47.886512756347656,
0.0,
73.13411712646484,
0.0,
0.0,
4.651439666748047,
0.0,
262.7862243652344,
0.0,
17.545595169067383,
0.0,
0.0,
11.366724014282227,
0.0,
0.0,
0.0,
30.812641143798828,
0.0,
0.0,
293.6786804199219,
0.0,
14.237359046936035,
0.0,
0.0,
24.232975006103516,
0.0,
0.0,
0.0,
59.89545822143555,
324.92449951171875,
4.471010684967041,
174.45668029785156,
55.1085090637207,
42.266578674316406,
0.0,
0.0,
0.36539795994758606,
0.0,
0.0,
17.688060760498047,
509.9908142089844,
229.63929748535156,
0.0,
0.0,
2214.57470703125,
0.0,
0.0,
15.72203254699707,
7.071964263916016,
6.208298206329346,
4998.65283203125,
7.247337341308594,
18.031068801879883,
26.73075294494629,
0.0,
334.1932678222656,
0.0,
0.0,
5000.0,
0.0,
0.0,
0.0,
32.109031677246094,
0.0,
51.628108978271484,
236.2077178955078,
30.294342041015625,
0.0,
0.0,
4999.69091796875,
34.56972885131836,
0.0,
137.6196746826172,
37.266929626464844,
143.70443725585938,
0.0,
0.8470903635025024,
15.594367980957031,
0.0,
23.978452682495117,
0.0,
0.06233959272503853,
32.34025955200195,
0.0,
0.0,
114.24995422363281,
0.0,
0.0,
0.0,
0.0,
242.619384765625,
0.0,
915.3555908203125,
5000.0,
7.100307941436768,
29.657489776611328,
0.5041712522506714,
0.0,
4.570047855377197,
0.5113359689712524,
0.0,
0.0,
241.45419311523438,
0.0,
0.0,
346.6706848144531,
0.0,
0.0,
0.0,
28.890642166137695,
21.621936798095703,
28.990983963012695,
0.0,
151.59239196777344,
0.0,
61.746742248535156,
52.0048942565918,
19.835615158081055,
0.0,
42.78538513183594,
0.0,
0.0,
142.67138671875,
0.0,
0.0,
193.80880737304688,
0.0,
55.439510345458984,
312.3857116699219,
0.0,
0.0,
0.0,
0.0,
0.0,
40.678340911865234,
0.23636044561862946,
0.0,
14.21773910522461,
0.0,
136.7388916015625,
0.0,
0.0,
0.0,
0.0,
0.1539439857006073,
0.0,
0.0,
7.248857498168945,
834.3567504882812,
0.0,
0.0,
64.9720230102539,
40.1623420715332,
0.0,
0.0,
127.6749496459961,
1347.535888671875,
4999.904296875,
56.13590621948242,
0.0,
0.0,
0.0,
77.47215270996094,
0.0,
431.3426818847656,
0.0,
47.38481903076172,
5.276736259460449,
0.0,
133.817626953125,
0.0,
0.0,
107.38715362548828,
29.75288200378418,
0.0,
0.0,
7.9383463859558105,
42.50707244873047,
0.0,
0.0,
146.45944213867188,
206.9578399658203,
78.35601806640625,
38.86136245727539,
0.0,
4892.599609375,
0.0,
0.0,
25.672616958618164,
0.0,
0.0,
0.39491841197013855,
236.62506103515625,
100.66594696044922,
16.932405471801758,
0.0,
0.0,
16.402559280395508,
0.0,
0.0,
0.0,
31.78452491760254,
0.0,
2.1611545085906982,
0.0,
0.0,
42.039119720458984,
0.0,
0.0,
0.0,
0.0,
829.1868286132812,
24.187362670898438,
0.0,
63.6099853515625,
0.0,
0.0,
590.1820678710938,
32.126277923583984,
0.0,
0.0,
56.488990783691406,
0.0,
0.0,
0.0,
0.0,
0.0,
102.52088928222656,
0.0,
488.3081359863281,
275.7955322265625,
0.0,
0.0,
366.52392578125,
0.0,
0.0,
0.0,
0.0,
0.0,
0.0,
11.204169273376465,
0.0,
0.0,
4999.9873046875,
0.0,
1126.559326171875,
0.0,
0.0,
0.0,
0.0,
27.46257972717285,
0.0,
30.058311462402344,
0.0,
15.027837753295898,
1270.8779296875,
0.0,
17.722402572631836,
0.0,
29.827774047851562,
31.31159019470215,
21.644289016723633,
0.0,
0.0,
1.6475545167922974,
21.94454002380371,
0.0,
14.653757095336914,
18.189144134521484,
0.0,
0.0,
0.0,
13.875561714172363,
87.46991729736328,
283.7561950683594,
201.3033447265625,
0.0,
1786.6644287109375,
0.0,
0.0,
0.0,
0.0,
168.6493377685547,
86.16244506835938,
63.25841522216797,
41.814876556396484,
826.8689575195312,
0.0,
22.696020126342773,
0.0,
31.2958927154541,
0.0,
0.0,
0.0,
131.99427795410156,
0.0,
171.1439666748047,
127.21332550048828,
31.92283821105957,
0.0,
45.90057373046875,
0.0,
1077.4085693359375,
0.0,
79.87993621826172,
0.0,
0.0,
21.572559356689453,
0.0,
0.0,
60.472572326660156,
0.0,
0.0,
0.0,
11.30628490447998,
17.458364486694336,
43.49630355834961,
174.99232482910156,
0.0,
0.0,
816.7195434570312,
0.0,
865.5035400390625,
230.69932556152344,
0.0,
24.975467681884766,
0.0,
1938.9879150390625,
33.1896858215332,
44.495086669921875,
0.0,
24.56675910949707,
0.0,
0.0,
866.6583251953125,
18.118375778198242,
0.0,
0.0,
0.0,
0.0,
0.0,
12.167388916015625,
0.0,
39.78192901611328,
12.334447860717773,
571.8865356445312,
5.778769493103027,
30.578371047973633,
34.38377380371094,
431.42266845703125,
29.534542083740234,
243.972412109375,
148.55560302734375,
214.31597900390625,
47.67138671875,
0.0,
0.0,
0.0,
31.906192779541016,
0.0,
31.464372634887695,
0.0,
0.0,
15.976388931274414,
0.0,
0.0,
0.0,
0.0,
63.83191680908203,
0.0,
1215.37451171875,
13.537734985351562,
0.0,
0.0,
0.0,
0.0,
0.0,
11.551013946533203,
38.08099365234375,
0.0,
0.0,
0.0,
225.01470947265625,
0.0,
0.0,
0.0,
72.5574722290039,
17.509510040283203,
255.79190063476562,
0.0,
21.24228286743164,
0.0,
27.880294799804688,
94.86709594726562,
0.0,
39.67816925048828,
0.0,
0.0,
0.0,
0.0,
254.50741577148438,
0.0,
416.2436828613281,
0.0,
0.0,
0.0,
67.09880828857422,
0.0,
688.3936157226562,
0.0,
40.06284713745117,
0.0,
1401.77783203125,
0.0,
0.0,
15.958473205566406,
0.0,
0.0,
0.0,
208.6640167236328,
0.0,
15.62618350982666,
0.0,
0.0,
13.944866180419922,
121.56036376953125,
34.5443115234375,
0.0,
0.0,
0.0,
0.0,
0.0,
658.7442016601562,
0.0,
0.0,
0.0,
0.0,
0.0,
0.0,
0.0,
0.0,
508.02728271484375,
0.0,
5.195356369018555,
29.351619720458984,
0.0,
821.016845703125,
0.0,
0.0,
666.2164306640625,
55.33439254760742,
0.0,
1.1379414796829224,
9.562732696533203,
43.29339599609375,
22.75039291381836,
26.562246322631836,
30.75185775756836,
0.0,
0.0,
0.0,
0.0,
78.92650604248047,
0.0,
0.0,
0.0,
0.0,
4999.93408203125,
0.0,
0.0,
695.7904663085938,
0.0,
28.005491256713867,
278.0335693359375,
0.0,
0.0,
192.07669067382812,
42.15642547607422,
0.0,
0.0,
0.0,
0.2215573489665985,
19.095325469970703,
0.0,
135.7930145263672,
0.0,
22.271930694580078,
2816.627685546875,
12.75290584564209,
148.80271911621094,
0.0,
0.0,
0.0,
0.0,
0.0,
98.42475891113281,
0.0,
0.0,
0.0,
108.76676940917969,
0.0,
71.21038818359375,
0.0,
0.0,
6.123728275299072,
0.0,
29.606735229492188,
83.78857421875,
26.930116653442383,
0.0,
17.242910385131836,
0.0,
0.0,
1425.375,
0.0,
0.0,
335.85711669921875,
7.4655656814575195,
43.80146789550781,
0.0,
222.68968200683594,
0.0,
0.0,
32.53657150268555,
0.0,
379.8125,
0.0,
0.0,
0.0,
0.0,
0.0,
0.0,
0.0,
0.0,
23.558513641357422,
35.17499542236328,
0.0,
3769.675048828125,
0.0,
30.27471160888672,
117.92286682128906,
0.0,
0.0,
0.0,
0.0,
16.82858657836914,
56.701820373535156,
0.0,
34.275455474853516,
4999.859375,
849.7749633789062,
37.381072998046875,
0.0,
8.23707389831543,
0.0,
0.0,
239.1688690185547,
0.0,
1760.7637939453125,
0.0,
0.0,
0.0,
0.0,
0.0,
0.0,
0.0,
1007.3688354492188,
4999.1435546875,
156.07945251464844,
0.0,
65.92391967773438,
4999.943359375,
4089.154296875,
99.9464111328125,
0.0,
426.2504577636719,
0.0,
0.0,
182.4285430908203,
358.1734313964844,
26.767724990844727,
17.38185691833496,
0.0,
0.0,
0.0,
0.0,
110.35226440429688,
12.27541446685791,
32.89419174194336,
42.57421112060547,
43.899532318115234,
0.0,
64.29483795166016,
11.676970481872559,
3597.179443359375,
0.0,
6.071222305297852,
0.0,
0.0,
27.551071166992188,
64.72360229492188,
5.953834533691406,
0.0,
0.0,
0.0,
0.0,
18.904457092285156,
172.916748046875,
4999.46142578125,
0.0,
0.0,
0.0,
25.170719146728516,
0.0,
18.485139846801758,
16.384828567504883,
619.9017944335938,
25.90083122253418,
0.0,
0.0,
545.7620849609375,
63.84978103637695,
0.0,
1.9828580617904663,
0.0,
4999.751953125,
0.0,
0.0,
0.0,
0.0,
546.3095703125,
0.0,
91.04457092285156,
129.40354919433594,
0.0,
0.0,
0.0,
0.0,
0.0,
0.0,
8.193183898925781,
31.644962310791016,
101.09016418457031,
23.870458602905273,
0.0,
0.0,
0.0,
0.0,
0.0,
543.5231323242188,
36.68054962158203,
0.0,
779.6438598632812,
66.96307373046875,
0.0,
0.0,
11.122406005859375,
49.59748840332031,
49.187259674072266,
0.0,
53.633663177490234,
68.11518859863281,
118.1249771118164,
79.7745361328125,
0.0,
0.0,
0.0,
0.0,
0.0,
0.0,
11.296985626220703,
0.0,
0.0,
0.0,
7.422267436981201,
10.112813949584961,
13.132729530334473,
39.22602462768555,
0.02615596354007721,
0.0,
0.0,
0.0,
0.0,
0.0,
0.0,
0.0,
0.0,
1.9461222887039185,
9.659611701965332,
782.6464233398438,
117.48406982421875,
0.17314480245113373,
0.0,
0.0,
0.0,
0.0,
0.0,
0.0,
0.0,
0.0,
0.0,
0.0,
67.5526351928711,
0.0,
0.0,
0.0,
4999.81298828125,
14.510927200317383,
0.0,
479.9418029785156,
0.0,
19.16489601135254,
7.561878204345703,
9.613275527954102,
0.0,
140.53363037109375,
0.0,
23.143766403198242,
0.0,
14.377772331237793,
13.012340545654297,
9.934086799621582,
0.0,
109.33335876464844,
0.0,
0.0,
296.3170471191406,
10.500727653503418,
48.559783935546875,
20.868247985839844,
0.0,
10.7970609664917,
459.2652282714844,
0.0,
152.07794189453125,
5000.0,
49.6363410949707,
107.3700942993164,
0.0,
0.0,
120.84794616699219,
871.4456787109375,
0.0,
0.0,
0.0,
0.0,
53.747642517089844,
902.8599853515625,
0.0,
0.0,
35.15597152709961,
26.49769401550293,
26.611528396606445,
0.37610650062561035,
110.04005432128906,
29.045785903930664,
0.0,
400.7117004394531,
0.0,
13.497540473937988,
0.0,
0.0,
0.0,
0.0,
23.894344329833984,
29.889062881469727,
0.0,
45.59908676147461,
0.0,
0.0,
0.0,
0.0,
718.2702026367188,
0.0,
0.0,
0.0,
4999.68603515625,
132.50823974609375,
0.0,
0.0,
0.0,
0.0,
0.0,
30.598716735839844,
0.0,
0.0,
36.22307586669922,
0.0,
0.0,
0.0,
0.0,
0.0,
722.4869995117188,
0.0,
0.0,
0.3054025173187256,
0.0,
54.37163162231445,
491.9016418457031,
25.83115005493164,
864.6026000976562,
31.07666778564453,
30.075613021850586,
10.095804214477539,
15.834789276123047,
1960.2618408203125,
2092.5576171875,
0.19488577544689178,
38.56352233886719,
2391.255126953125,
37.74270248413086,
0.24474197626113892,
39.726070404052734,
215.55325317382812,
15.495341300964355,
49.96426773071289,
26.164371490478516,
57.5394172668457,
0.0,
0.0,
27.8797550201416,
0.0,
5.21868896484375,
16.847293853759766,
0.0,
0.0,
0.0,
8.647409439086914,
0.0,
46.21259689331055,
0.0,
0.19097639620304108,
37.732173919677734,
0.0,
0.0,
9.951974868774414,
197.3642578125,
261.4439392089844,
0.0,
4999.95654296875,
49.45438766479492,
23.828685760498047,
0.0,
8.880675315856934,
453.19024658203125,
0.0,
50.23382568359375,
0.0,
7.156579494476318,
0.0,
27.821653366088867,
0.0,
0.0,
0.0,
595.109130859375,
0.0,
4292.69384765625,
22.189022064208984,
2.174147844314575,
0.0,
20.84189796447754,
0.0,
0.0,
0.0,
0.0,
0.0,
0.0,
0.0,
17.360742568969727,
0.0,
29.387954711914062,
3.9105355739593506,
0.0,
0.0,
0.0,
0.0,
10.264399528503418,
0.0,
0.0,
0.0,
0.0,
0.0,
0.0,
83.0898666381836,
0.0,
0.0,
46.58024978637695,
0.0,
0.0,
0.0,
0.0,
25.50502586364746,
46.95026779174805,
33.06875228881836,
0.0,
0.0,
1178.2928466796875,
201.0954132080078,
77.25755310058594,
874.3622436523438,
0.0,
0.0,
0.0,
48.900962829589844,
33.14767837524414,
10.967351913452148,
29.268768310546875,
0.0,
0.0,
0.0,
0.0,
4999.1494140625,
0.0,
0.0,
41.81523895263672,
1715.7969970703125,
128.63848876953125,
0.0,
0.0,
0.0,
0.0,
0.0,
1056.931396484375,
96.35316467285156,
0.0,
0.0,
0.0,
150.96043395996094,
27.252140045166016,
132.4182586669922,
36.47213363647461,
0.0,
0.0,
14.044050216674805,
299.34210205078125,
30.431814193725586,
1743.55419921875,
71.59805297851562,
982.500244140625,
13.552473068237305,
0.0,
0.0,
0.0,
0.0,
0.0,
23.00103187561035,
384.5296325683594,
0.0,
0.0,
49.0809211730957,
0.0,
21.887351989746094,
0.0,
0.0,
0.0,
0.0,
0.0,
7.299224853515625,
56.28870391845703,
0.0,
19.500064849853516,
30.98519515991211,
0.0,
0.0,
0.0,
0.0,
38.46660232543945,
106.73324584960938,
0.0,
0.0,
0.4491365849971771,
0.0,
23.29195213317871,
4999.14111328125,
0.0,
0.0,
0.0,
451.2995300292969,
0.0,
0.0,
55.983726501464844,
262.4306335449219,
0.0,
438.2772216796875,
0.0,
0.0,
31.923608779907227,
243.9024658203125,
0.0,
4998.818359375,
0.0,
157.6530303955078,
0.0,
0.0,
0.0,
83.27607727050781,
0.0,
0.0,
0.0,
18.54669761657715,
0.0,
7.766737461090088,
42.110103607177734,
3.4891114234924316,
0.0,
0.0,
0.0,
0.0,
314.7601623535156,
0.0,
0.0,
0.0,
8.6665678024292,
0.0,
0.0,
0.0,
0.0,
0.0,
0.0,
1.2784719467163086,
43.344608306884766,
159.57391357421875,
27.16590118408203,
0.0,
55.2055549621582,
0.0,
0.0,
0.0,
0.0,
0.0,
101.90170288085938,
527.5758056640625,
0.0,
0.0,
0.0,
0.0,
0.0,
0.0,
0.0,
143.81114196777344,
30.052427291870117,
0.0,
0.0,
3.5370893478393555,
0.0,
96.7474136352539,
3.562558650970459,
0.0,
0.0,
0.0,
0.0,
0.0,
0.0,
0.0,
33.56928253173828,
0.0,
0.0,
30.49082374572754,
21.96179962158203,
54.04398727416992,
0.0,
38.349056243896484,
0.0,
0.0,
0.0,
0.0,
386.8214416503906,
0.0,
0.0,
0.0,
92.80028533935547,
22.944738388061523,
0.0,
0.0,
0.0,
0.0,
5.511025905609131,
0.0,
1590.5123291015625,
0.0,
126.82836151123047,
0.0,
0.0,
2751.903564453125,
0.0,
40.246421813964844,
0.0,
149.9427947998047,
0.0,
0.0,
143.3984375,
0.0,
29.813119888305664,
4313.87841796875,
250.3438262939453,
22.406471252441406,
17.79360008239746,
1235.2333984375,
0.0,
0.0,
0.0,
0.0,
242.6468505859375,
4.726064682006836,
0.0,
0.0,
51.703636169433594,
186.96400451660156,
84.39412689208984,
0.0,
4999.75439453125,
0.0,
111.57276916503906,
78.63264465332031,
26.569419860839844,
0.0,
0.0,
0.0,
28.413793563842773,
8.150266647338867,
0.0,
0.0,
0.0,
0.0,
16.841999053955078,
19.182289123535156,
0.0,
196.47433471679688,
4999.822265625,
1230.6439208984375,
4999.74755859375,
0.0,
0.0,
0.0,
0.0,
24.506065368652344,
0.0,
0.0,
12.935637474060059,
0.0,
177.60142517089844,
78.90794372558594,
0.0,
14.192925453186035,
0.0,
0.0,
0.0,
0.0,
0.0,
0.0,
0.0,
0.011347807012498379,
0.0,
0.0,
0.0,
0.0,
0.0,
783.8410034179688,
0.0,
4.0903639793396,
121.04833984375,
72.15847778320312,
0.0,
946.90283203125,
217.8498077392578,
20.762853622436523,
20.185949325561523,
0.0,
0.0,
0.0,
85.323974609375,
0.0,
0.0,
121.44538116455078,
20.149009704589844,
14.663677215576172,
18.869918823242188,
20.659717559814453,
99.69689178466797,
6.269124507904053,
854.5452270507812,
0.0,
0.0,
137.9268035888672,
0.0,
0.0,
0.0,
0.0,
0.0,
0.0,
4999.845703125,
0.0,
12.033360481262207,
33.400794982910156,
0.0,
0.0,
0.0,
0.0,
29.525707244873047,
0.0,
0.0,
0.0,
19.5242977142334,
72.98338317871094,
29.356586456298828,
22.477256774902344,
86.32734680175781,
0.0,
53.17789840698242,
0.0,
0.0,
0.0,
8.743889808654785,
0.0,
0.0,
0.0,
23.701143264770508,
170.1483154296875,
0.0,
20.922100067138672,
783.5396728515625,
0.0,
12.300049781799316,
14.053574562072754,
2734.33447265625,
45.079689025878906,
591.6420288085938,
0.0,
49.24208068847656,
271.29583740234375,
11.793031692504883,
0.8931367993354797,
0.0,
6.4275689125061035,
2.490669012069702,
2944.73193359375,
0.0,
0.0,
0.0,
0.0,
164.0709228515625,
0.0,
502.5564880371094,
0.0,
28.479198455810547,
0.0,
0.0,
234.5888671875,
0.0,
0.0,
0.0,
0.0,
0.0,
0.0,
0.0,
660.7299194335938,
0.0,
0.0,
1.893876552581787,
0.0,
0.0,
0.0,
0.0,
262.9535827636719,
47.30292510986328,
0.0,
0.0,
92.26309204101562,
5.5817742347717285,
0.0,
0.0,
171.20877075195312,
0.0,
0.0,
0.0,
120.4084701538086,
1.391045331954956,
0.0,
35.525428771972656,
0.0,
0.0,
22.071083068847656,
0.0,
0.10307487845420837,
0.0,
1849.786376953125,
31.33269691467285,
0.0,
0.0,
0.0,
0.0,
0.0,
0.0,
0.0,
120.0649185180664,
43.776527404785156,
0.0,
0.0,
83.54326629638672,
7.295517444610596,
12.9418306350708,
0.0,
1511.8455810546875,
0.0,
25.00592803955078,
0.0,
0.0,
0.0,
0.0,
0.0,
727.9608764648438,
0.0,
0.0,
0.0,
0.0,
0.0,
0.0,
0.0,
0.0,
9.483381271362305,
32.915828704833984,
0.0,
1504.3170166015625,
0.0,
0.0,
0.0,
0.0,
162.80130004882812,
0.0,
9.95571231842041,
0.0,
0.0,
30.377113342285156,
0.0,
0.0,
0.0,
120.34952545166016,
0.0,
0.0,
0.0,
56.99148178100586,
0.0,
29.67104721069336,
32.47509002685547,
0.0,
0.4174668490886688,
0.0,
0.0,
34.209007263183594,
15.748518943786621,
2604.535888671875,
0.0,
0.0,
0.0,
14.187748908996582,
0.0,
0.0,
0.0,
0.0,
0.0,
0.0,
0.0,
0.0,
0.0,
15.401716232299805,
32.269447326660156,
0.0,
0.0,
0.0,
0.0,
0.0,
190.3922576904297,
0.0,
0.0,
39.996543884277344,
0.0,
4998.65673828125,
0.0,
0.0,
27.863407135009766,
0.0,
9.987789154052734,
0.0,
222.10394287109375,
627.0457763671875,
0.0,
0.0,
0.0,
4999.6533203125,
24.740846633911133,
0.0,
0.0,
0.3093617558479309,
143.6904754638672,
337.18756103515625,
0.0,
0.0,
35.667327880859375,
1096.732666015625,
45.21284866333008,
0.0,
0.0,
0.0,
0.0,
107.90107727050781,
0.0,
47.25733184814453,
24.060012817382812,
0.0,
0.0,
42.984893798828125,
0.0,
3036.845458984375,
221.92539978027344,
0.0,
0.0,
157.43719482421875,
0.0,
0.0,
27.215978622436523,
7.149139404296875,
0.0,
0.0,
0.0,
0.0,
38.82549285888672,
0.0,
0.0,
27.594953536987305,
0.0,
0.0,
42.99355697631836,
0.0,
7.933492183685303,
0.0,
28.919641494750977,
3.84627366065979,
0.0,
8.141763687133789,
0.9000076651573181,
0.0,
0.0,
1800.7000732421875,
0.0,
0.0,
0.0,
0.0,
79.13509368896484,
0.0,
0.0,
81.05406951904297,
0.0,
121.45765686035156,
26.537853240966797,
0.0,
0.0,
0.0,
0.0,
52.86335372924805,
0.0,
0.0,
0.0,
0.0,
0.0,
0.0,
0.0,
1085.0609130859375,
1523.228271484375,
8.562613487243652,
0.0,
0.0,
0.0,
12.441421508789062,
43.4016227722168,
745.69873046875,
0.0,
0.0,
0.0,
0.0,
0.0,
0.0,
34.7857551574707,
0.0,
16.820383071899414,
0.04482530802488327,
0.0,
0.0,
1538.1129150390625,
0.0,
22.843032836914062,
96.06874084472656,
0.0,
29.56253433227539,
0.0,
418.7869873046875,
0.0,
0.0,
0.0,
4.1289849281311035,
0.0,
0.0,
0.0,
0.0,
19.686376571655273,
8.853271484375,
575.3582763671875,
1473.28955078125,
177.64892578125,
751.9785766601562,
0.0,
0.0,
0.0,
461.87890625,
0.0,
26.473718643188477,
140.95933532714844,
171.63453674316406,
14.683515548706055,
0.0,
0.0,
245.8763427734375,
14.615215301513672,
0.0,
0.0,
0.0,
0.0,
30.930204391479492,
8.341164588928223,
0.0,
0.0,
0.0,
24.755037307739258,
0.6453748345375061,
0.0,
0.0,
0.0,
8.698720932006836,
0.0,
0.0,
358.9255065917969,
31.288124084472656,
0.0,
47.69371795654297,
172.1584014892578,
410.2745666503906,
0.0,
0.0,
0.0,
0.0,
15.093649864196777,
0.0,
0.0,
1286.5389404296875,
0.0,
4999.48486328125,
0.0,
25.707857131958008,
33.83732223510742,
28.160688400268555,
10.380187034606934,
35.136051177978516,
0.0,
0.0,
270.9540100097656,
29.881366729736328,
0.0,
0.0,
722.699951171875,
0.0,
0.0,
33.68533706665039,
25.26751136779785,
0.0,
0.0,
0.0,
0.0,
0.0,
0.0,
10.146084785461426,
1730.19873046875,
0.0,
4.25483512878418,
0.0,
9.462811470031738,
0.0,
4409.3671875,
0.0,
0.9306966662406921,
0.0,
0.0,
0.0,
0.0,
17.82994270324707,
0.0,
160.16665649414062,
0.0,
0.0,
0.0,
0.0,
0.0,
0.0,
0.0,
0.0,
101.04611206054688,
8.799070358276367,
199.3623504638672,
0.0,
0.0,
13.400222778320312,
0.0,
0.0,
0.0,
0.0,
30.699007034301758,
67.88460540771484,
27.242551803588867,
5.949418067932129,
40.61971664428711,
4783.0419921875,
891.1644897460938,
8.256319046020508,
130.5968017578125,
0.0,
0.0,
0.0,
36.471675872802734,
0.0,
186.423095703125,
0.0,
0.0,
620.625732421875,
11.628545761108398,
0.0,
0.0,
0.0,
446.8425598144531,
0.0,
31.511703491210938,
26.23379135131836,
0.0,
78.54375457763672,
96.63597869873047,
4999.84033203125,
0.0,
2.848623752593994,
251.9713134765625,
0.0,
0.0,
0.0,
35.369056701660156,
30.193349838256836,
1.2564074993133545,
96.76347351074219,
0.0,
9.616318702697754,
1465.9122314453125,
92.9031753540039,
0.0,
0.0,
31.28787612915039,
0.0,
79.038818359375,
0.0,
0.0,
0.0,
0.0,
0.0,
0.0,
0.967703104019165,
137.32244873046875,
10.298152923583984,
1206.8336181640625,
965.9453735351562,
0.0,
11.662365913391113,
0.0,
0.0,
0.0,
32.089290618896484,
43.175506591796875,
0.0,
0.0,
30.935691833496094,
315.92523193359375,
32.927978515625,
567.4578247070312,
1497.5328369140625,
0.0,
0.0,
379.5079345703125,
425.3246154785156,
0.0,
0.0,
0.0,
358.1374816894531,
0.0,
0.0,
0.0,
34.185482025146484,
0.0,
0.0,
47.262237548828125,
0.0,
23.627296447753906,
102.34203338623047,
0.0,
0.0,
0.0,
0.0,
0.0,
0.0,
21.73499298095703,
0.0,
556.2946166992188,
15.00311279296875,
0.0,
0.0,
0.0,
0.0,
0.0,
0.0,
16.898448944091797,
0.0,
33.72945022583008,
15.958869934082031,
1561.6546630859375,
0.0,
602.3518676757812,
30.055889129638672,
0.0,
0.0,
0.0,
0.0,
33.17132568359375,
90.2862548828125,
0.0,
0.0,
0.0,
268.9813232421875,
0.0,
0.0,
0.0,
135.26043701171875,
0.0,
0.0,
1559.25732421875,
0.0,
4999.98974609375,
0.0,
24.405986785888672,
0.0,
5.5058794021606445,
32.08572769165039,
45.31023025512695,
20.626686096191406,
0.0,
22.442777633666992,
0.0,
0.0,
56.822757720947266,
0.0,
0.0,
0.0,
0.0,
0.0,
0.0,
8.516301155090332,
0.0,
0.0,
18.19051742553711,
34.88166427612305,
0.0,
0.0,
0.0,
29.83878517150879,
5.179652690887451,
51.87019729614258,
13.67724323272705,
56.365875244140625,
165.12449645996094,
148.693115234375,
0.0,
0.0,
0.0,
20.745298385620117,
0.0,
0.0,
0.0,
608.5042114257812,
181.6724090576172,
0.0,
0.0,
604.8330688476562,
456.9889221191406,
0.0,
203.52365112304688,
22.097850799560547,
0.0,
659.744873046875,
23.426456451416016,
689.7164306640625,
0.0,
63.964473724365234,
0.0,
0.0,
0.0,
0.0,
77.38797760009766,
0.0,
222.2657470703125,
0.0,
76.42329406738281,
0.0,
0.6805664896965027,
0.0,
0.8039444088935852,
0.0,
0.0,
2715.830810546875,
0.0,
26.0767879486084,
246.4202880859375,
0.0,
0.0,
0.0,
0.0,
0.0,
184.25209045410156,
16.637943267822266,
0.0,
18.844127655029297,
0.0,
0.0,
0.0,
27.673980712890625,
17.988027572631836,
0.0,
9.356788635253906,
0.0,
73.01628112792969,
0.0,
17.58793830871582,
366.6167907714844,
41.32954788208008,
412.0987548828125,
688.5784301757812,
7.395249843597412,
0.0,
0.0,
0.0,
0.0,
59.13459396362305,
0.0,
196.03819274902344,
369.9333801269531,
324.3006286621094,
26.490062713623047,
0.0,
0.0,
416.6368408203125,
160.21104431152344,
19.974994659423828,
28.621549606323242,
0.0,
0.0,
4994.041015625,
0.0,
0.0,
502.3936767578125,
0.0,
0.0,
2113.294921875,
0.0,
76.4408950805664,
70.03043365478516,
23.953445434570312,
0.0,
0.0,
0.0,
0.0,
0.0,
4999.42431640625,
0.0,
26.956514358520508,
2291.491455078125,
0.0,
47.01741027832031,
0.0,
2210.11181640625,
0.0,
0.0,
4999.75830078125,
0.0,
0.0,
0.0,
108.89386749267578,
0.0,
41.300113677978516,
669.394287109375,
0.0,
0.0,
0.0,
39.3973388671875,
1174.3626708984375,
0.0,
0.0,
2662.870361328125,
244.25921630859375,
28.704090118408203,
0.0,
132.6773223876953,
0.0,
0.0,
27.607803344726562,
0.0,
96.04944610595703,
16.911670684814453,
0.9254151582717896,
25.90773582458496,
54.071205139160156,
0.0,
0.0,
0.0,
0.8496034741401672,
0.0,
0.0,
24.899808883666992,
55.87657928466797,
0.0,
13.549307823181152,
5.562315940856934,
0.0,
5000.0,
0.0,
0.0,
29.018035888671875,
87.08806610107422,
188.10597229003906,
0.0,
48.74740219116211,
0.0,
30.423492431640625,
0.0,
0.0,
0.0,
0.0,
0.0,
0.0,
39.52265930175781,
0.0,
35.902584075927734,
0.0,
0.0,
172.24713134765625,
0.0,
0.0,
150.5988006591797,
20.675010681152344,
0.0,
0.0,
32.971168518066406,
0.0,
0.0,
4999.85302734375,
733.2616577148438,
0.0,
724.4456176757812,
4999.7763671875,
0.0,
0.0,
0.0,
12.738900184631348,
0.0,
1.3503220081329346,
0.0,
0.0,
0.0,
0.0,
0.0,
12.3211669921875,
81.02780151367188,
0.0,
0.0,
1278.85888671875,
0.0,
0.0,
29.949886322021484,
10.529508590698242,
0.0,
24.355487823486328,
0.0,
19.702409744262695,
6.301735877990723,
6.776736259460449,
0.0,
9.765716552734375,
0.0,
31.971582412719727,
0.0,
6.281744956970215,
0.0,
0.0,
0.0,
7.642739295959473,
0.0,
68.5144271850586,
0.0,
0.0,
785.3956298828125,
553.2940063476562,
0.0,
19.051748275756836,
0.0,
46.754207611083984,
0.0,
0.0,
717.801025390625,
90.87064361572266,
0.0,
0.0,
0.0,
145.7248992919922,
0.0,
0.24359141290187836,
194.18353271484375,
45.38935089111328,
0.0,
0.0,
463.46990966796875,
0.0,
0.0,
213.37115478515625,
0.0,
244.65859985351562,
169.89453125,
0.0,
13.085866928100586,
4885.64599609375,
0.0,
0.0,
38.13597106933594,
31.081186294555664,
127.4039535522461,
24.2626953125,
26.66845703125,
0.0,
0.0,
0.0,
0.0,
27.368633270263672,
20.522457122802734,
592.7692260742188,
13.966915130615234,
48.68696212768555,
61.07582092285156,
4999.73681640625,
0.0,
20.901891708374023,
0.0,
0.0,
0.0,
0.0,
14.551645278930664,
0.0,
4999.41650390625,
0.0,
2209.561767578125,
24.122230529785156,
0.0,
0.0,
1689.9453125,
0.0,
0.0,
0.0,
125.49154663085938,
252.55178833007812,
0.0,
0.0,
337.1796875,
214.11337280273438,
303.645751953125,
0.0,
0.0,
0.0,
0.0,
1486.5528564453125,
15.192014694213867,
0.0,
293.77020263671875,
0.0,
42.392295837402344,
0.0,
0.0,
0.0,
262.9136657714844,
0.0,
0.0,
25.473264694213867,
0.0,
1093.6103515625,
0.0,
0.0,
0.0,
0.0,
0.0,
0.0,
90.98098754882812,
0.0,
0.0,
108.3329086303711,
0.0,
0.0,
74.38416290283203,
0.0,
0.0,
24.18804931640625,
12.957121849060059,
0.0,
0.0,
0.0,
0.0,
0.0,
20.164037704467773,
0.41119295358657837,
0.0,
767.8222045898438,
0.0,
0.0,
0.0,
17.676773071289062,
0.0,
0.0,
20.63648223876953,
6.652453422546387,
0.0,
847.1641235351562,
0.0,
0.0,
993.1304931640625,
0.0,
0.0,
0.0,
0.0,
0.0,
0.0,
466.6439208984375,
473.802978515625,
94.33695220947266,
22.88854217529297,
919.9780883789062,
752.178466796875,
0.0,
0.0,
47.88362503051758,
102.9598617553711,
0.0,
458.8643493652344,
0.0,
0.0,
0.0,
45.33309555053711,
0.0,
0.0,
0.0,
0.0,
0.0,
0.0,
54.32698440551758,
0.0,
83.92595672607422,
0.0,
0.0,
0.0,
0.0,
900.7311401367188,
53.12629318237305,
215.6083526611328,
1040.73828125,
0.0,
0.0,
0.0,
0.0,
0.0,
0.0,
0.0,
536.3493041992188,
19.705358505249023,
0.0,
0.0,
14.508418083190918,
95.44562530517578,
26.566831588745117,
9.9574613571167,
0.0,
4.165395259857178,
443.7056884765625,
0.0,
30.216402053833008,
10.693474769592285,
0.0,
0.0,
0.0,
0.0,
0.0,
29.87958526611328,
0.0,
0.0,
0.0,
0.0,
0.0,
0.0,
5.061470985412598,
506.4239501953125,
9.477435111999512,
79.58113861083984,
0.0,
246.87191772460938,
0.0,
648.2647094726562,
19.78076934814453,
0.0,
148.50332641601562,
0.0,
245.47073364257812,
0.0,
0.45159631967544556,
5.29396915435791,
0.0,
0.009292521513998508,
1.4373867511749268,
4999.45361328125,
0.0,
0.0,
0.0,
104.47857666015625,
0.0,
0.0,
0.0,
0.0,
63.24152374267578,
260.4244384765625,
33.351558685302734,
6.491898536682129,
0.0,
31.47259521484375,
41.11616897583008,
0.0,
0.0,
0.0,
0.0,
1089.822021484375,
0.0,
140.69468688964844,
143.10488891601562,
69.51836395263672,
136.21678161621094,
0.0,
65.57012176513672,
0.0,
0.0,
0.0,
15.456315994262695,
0.0,
3662.030517578125,
27.689125061035156,
0.0,
0.0,
61.694156646728516,
0.0,
0.0,
32.98029708862305,
0.0,
0.0,
43.753273010253906,
0.0,
0.0,
0.0,
0.0,
34.16809844970703,
0.0,
0.0,
93.7165298461914,
0.0,
27.903003692626953,
48.55742263793945,
0.0,
4.55696964263916,
221.01759338378906,
79.82658386230469,
0.0,
13.227317810058594,
158.8034210205078,
0.0,
0.0,
0.0,
0.0,
78.98518371582031,
0.0,
0.0,
0.0,
30.499404907226562,
0.0,
24.8990478515625,
2.0496268272399902,
0.0,
63.43153381347656,
2021.48681640625,
14.771634101867676,
0.0,
51.77164077758789,
93.27584838867188,
17.048097610473633,
0.0,
13.248558044433594,
0.0,
16.550418853759766,
28.609359741210938,
24.227869033813477,
0.0,
0.0,
0.0,
3250.67578125,
0.0,
25.012205123901367,
24.302494049072266,
4998.60791015625,
2782.478515625,
0.0,
2195.15185546875,
0.0,
362.5985107421875,
0.0,
0.0,
0.0,
0.0,
51.79621124267578,
0.0,
51.502891540527344,
0.0,
21.21761703491211,
0.0,
105.67546844482422,
0.0,
4999.53662109375,
0.8262571692466736,
0.0,
0.0,
0.0,
0.7641439437866211,
9.035972595214844,
0.0,
0.0,
0.0,
33.6431884765625,
25.6086368560791,
1191.4493408203125,
0.0,
0.0,
0.0,
0.0,
0.0,
0.0,
184.91090393066406,
0.0,
0.0,
0.0,
247.00059509277344,
730.5346069335938,
32.70817565917969,
0.0,
0.0,
77.4381332397461,
15.27205753326416,
44.543922424316406,
516.9300537109375,
0.0,
22.66619873046875,
0.0,
0.0,
65.72291564941406,
0.0,
109.46231842041016,
0.0,
628.115478515625,
0.0,
0.0,
744.1220092773438,
0.0,
0.0,
353.1062927246094,
0.0,
2064.748779296875,
0.0,
0.0,
0.0,
393.69561767578125,
0.0,
0.0,
274.1709289550781,
0.0,
119.95877075195312,
0.0,
0.0,
665.6631469726562,
14.677745819091797,
0.0,
9.167398452758789,
0.0,
110.8613510131836,
685.9237670898438,
0.0,
4999.81494140625,
0.0,
15.693164825439453,
0.0,
28.01578140258789,
51.81955337524414,
20.28624725341797,
23.00424575805664,
129.3274688720703,
5.433192253112793,
140.5713348388672,
12.311534881591797,
98.90735626220703,
0.0,
10.116119384765625,
0.0,
173.3331298828125,
0.23654650151729584,
31.012928009033203,
41.60029220581055,
0.0,
2032.7420654296875,
0.0,
0.0,
40.95307922363281,
45.250850677490234,
0.13298273086547852,
256.34637451171875,
826.4091796875,
24.208539962768555,
0.0,
0.0,
0.0,
209.16827392578125,
0.0,
32.428550720214844,
0.0,
0.0,
0.0,
48.101680755615234,
0.0,
0.0,
0.0,
17.098756790161133,
0.0,
0.0,
22.4873104095459,
381.15399169921875,
0.0,
0.0,
0.0,
0.0,
0.0,
24.705774307250977,
24.473291397094727,
14.267480850219727,
2.6447689533233643,
0.0,
34.36497497558594,
0.0,
69.26255798339844,
0.0,
0.0,
12.350736618041992,
890.4871826171875,
0.0,
1871.7607421875,
20.478038787841797,
48.595951080322266,
29.958587646484375,
0.0,
0.0,
114.4610595703125,
0.0,
17.85102653503418,
439.338134765625,
176.3267059326172,
0.0,
67.53340148925781,
461.9952697753906,
0.0,
35.26047897338867,
912.3871459960938,
242.18194580078125,
34.90939712524414,
0.0,
209.30184936523438,
43.37754821777344,
0.0,
11.988028526306152,
431.04608154296875,
182.5539093017578,
31.445337295532227,
1385.5523681640625,
0.0,
4999.50341796875,
166.8231964111328,
0.0,
0.0,
0.0,
1451.262451171875,
48.5881233215332,
10.362217903137207,
0.0,
38.71630859375,
16.4332275390625,
29.681669235229492,
0.0,
94.39016723632812,
0.0,
70.01769256591797,
0.0,
0.0,
254.65170288085938,
0.0,
7.06235933303833,
10.118922233581543,
16.054466247558594,
61.39811325073242,
0.0,
355.6933898925781,
0.0,
13.650076866149902,
0.0,
0.0,
1.2350798845291138,
0.0,
10.721243858337402,
0.0,
0.0,
0.0,
141.13748168945312,
165.2852325439453,
37.42033767700195,
0.0,
0.0,
96.45574951171875,
18.36043930053711,
21.702281951904297,
253.5404815673828,
0.0,
0.0,
5000.0,
1473.7987060546875,
6.322207450866699,
36.221580505371094,
0.0,
0.0,
2149.897216796875,
284.62115478515625,
0.0,
341.3495788574219,
0.0,
0.0,
840.0691528320312,
203.853271484375,
0.0,
0.0,
8.931489944458008,
0.0,
54.52878189086914,
0.0,
0.0,
0.0,
0.0,
8.664040565490723,
21.967533111572266,
0.0,
21.990446090698242,
209.36410522460938,
0.0,
30.769855499267578,
88.53242492675781,
30.51352882385254,
30.291696548461914,
16.932756423950195,
183.50376892089844,
0.0,
0.0,
4998.73388671875,
0.0,
0.0,
0.0,
0.0,
71.86803436279297,
0.0,
0.0,
0.0,
389.0258483886719,
0.0,
4999.8505859375,
0.9563559889793396,
32.02462387084961,
0.0,
73.41464233398438,
0.0,
82.17890167236328,
0.0,
0.0,
0.0,
0.0,
0.0,
0.0,
230.77874755859375,
0.0,
0.0,
0.0,
2714.438720703125,
871.2584838867188,
0.0,
0.0,
0.0,
0.0,
0.0,
0.0,
146.71571350097656,
2859.37255859375,
15.692883491516113,
166.9752960205078,
158.73558044433594,
0.0,
27.622539520263672,
974.4666137695312,
239.12538146972656,
0.0,
0.0,
0.0,
43.78887176513672,
39.234073638916016,
0.0,
0.25100624561309814,
603.67724609375,
0.0,
0.0,
14.296265602111816,
9.430322647094727,
0.0,
21.38502311706543,
35.927764892578125,
1448.8701171875,
0.0,
0.0,
186.6085662841797,
6.245203495025635,
0.0,
0.0,
0.0,
0.0,
55.452518463134766,
0.0,
9.585617065429688,
0.0,
18.036453247070312,
6.388052940368652,
20.17375373840332,
0.0,
0.0,
431.02020263671875,
0.0,
34.809810638427734,
129.16018676757812,
0.0,
0.0,
761.5010375976562,
0.0,
4367.2255859375,
0.0,
31.75432777404785,
49.5982666015625,
0.0,
22.514240264892578,
0.0,
0.0,
0.0,
0.0,
25.45718002319336,
0.0,
0.0,
0.0,
42.58038330078125,
0.0,
18.273847579956055,
0.1932988166809082,
67.50025177001953,
0.0,
25.28327751159668,
18.8436279296875,
21.868345260620117,
0.0,
0.0,
32.32773971557617,
14.708857536315918,
406.5791320800781,
13.561010360717773,
45.6180419921875,
2159.973876953125,
0.0,
52.61465835571289,
32.2223014831543,
16.412879943847656,
72.29303741455078,
1.0863815546035767,
0.0,
0.0,
0.0,
0.0,
0.0,
903.0591430664062,
0.0,
0.0,
0.2145090401172638,
0.0,
0.0,
210.33181762695312,
0.0,
0.0,
17.212190628051758,
0.0,
0.0,
0.0,
6.074280261993408,
11.278995513916016,
493.93804931640625,
0.0,
51.15279006958008,
15.128825187683105,
0.0,
24.146135330200195,
37.64426803588867,
4319.048828125,
0.0,
0.0,
0.0,
95.45459747314453,
17.635128021240234,
32.37656021118164,
0.0,
0.0,
0.0,
0.0,
0.0,
5.370647430419922,
0.0,
249.07240295410156,
0.0,
37.61872482299805,
39.020450592041016,
0.0,
0.0,
0.0,
0.0,
0.0,
69.49061584472656,
0.0,
0.0,
0.44095516204833984,
0.0,
0.0,
133.0718536376953,
0.0,
0.0,
0.0,
48.81725311279297,
13.39407730102539,
146.67041015625,
12.01215934753418,
0.0,
0.0,
920.83740234375,
0.0,
0.0,
0.0,
274.61199951171875,
0.0,
20.49504852294922,
64.83940887451172,
128.8080596923828,
0.0,
0.0,
36.000667572021484,
24.79871368408203,
0.0,
0.0,
403.22052001953125,
0.0,
0.0,
0.0,
1.4049956798553467,
0.0,
0.6777470111846924,
20.695083618164062,
11.148305892944336,
0.0,
0.0,
117.87235260009766,
0.0,
0.0,
534.1395263671875,
0.0,
0.0,
49.9478874206543,
0.0,
41.1234245300293,
0.0,
0.0,
0.0,
0.0,
23.213909149169922,
136.94210815429688,
0.0,
0.0,
0.0,
0.0,
1612.3619384765625,
163.3883056640625,
724.5596923828125,
2404.177734375,
131.58412170410156,
0.0,
563.4236450195312,
0.0,
0.0,
0.0,
0.0,
0.0,
0.0,
1598.2474365234375,
0.0,
0.0,
0.0,
14.491012573242188,
0.0,
4999.6650390625,
0.0,
0.0,
110.48831939697266,
9.165788650512695,
0.0,
0.0,
0.0,
0.0,
237.8396453857422,
0.0,
31.776920318603516,
0.0,
0.0,
0.0,
25.750572204589844,
0.0,
0.0,
2194.00341796875,
0.0,
33.109683990478516,
0.0,
0.0,
119.60975646972656,
0.0,
24.914716720581055,
20.0081729888916,
27.260446548461914,
0.0,
0.0,
0.0,
27.0666446685791,
0.0,
0.0,
0.0,
0.0,
163.26776123046875,
0.0,
0.0,
6.191342830657959,
0.0,
133.6562042236328,
0.0,
0.0,
0.0,
0.0,
28.78553581237793,
24.20305633544922,
14.322685241699219,
0.0,
0.0,
0.0,
133.1490478515625,
0.0,
4999.83642578125,
16.53073501586914,
27.25992202758789,
0.0,
13.936047554016113,
122.48787689208984,
0.0,
62.699462890625,
0.0,
145.89918518066406,
14.631591796875,
461.52288818359375,
28.282676696777344,
0.0,
179.02975463867188,
0.0,
4998.57275390625,
0.0,
0.0,
0.0,
186.0734100341797,
0.0,
0.0,
405.7386474609375,
83.36763000488281,
14.006303787231445,
0.0,
0.0,
0.0,
0.0,
0.0,
0.0,
0.0,
0.0,
0.0,
0.0,
0.0,
41.489288330078125,
221.49888610839844,
14.437432289123535,
163.78851318359375,
0.0,
182.68785095214844,
416.5447082519531,
27.854949951171875,
24.246559143066406,
0.0,
0.14475798606872559,
26.949378967285156,
0.0,
0.0,
0.0,
1636.761474609375,
0.0,
34.39236831665039,
0.0,
0.0,
0.0,
0.0,
41.05316925048828,
0.0,
617.9864501953125,
36.99070739746094,
0.0,
0.0,
1703.450439453125,
523.8726196289062,
0.0,
0.0,
0.0,
0.0,
0.0,
0.0,
28.49844741821289,
0.0,
0.0,
0.0,
0.0,
0.0,
175.3557586669922,
96.64806365966797,
0.0,
206.80809020996094,
0.0,
0.0,
31.320432662963867,
31.879167556762695,
0.0,
0.0,
0.0,
0.0,
17.81331443786621,
178.36839294433594,
295.59783935546875,
34.03002166748047,
0.0,
14.714778900146484,
0.0,
1199.3631591796875,
0.0,
0.0,
0.0,
0.0,
0.0,
0.0,
3742.694091796875,
0.0,
0.0,
18.33330535888672,
0.0,
11.216214179992676,
0.0,
128.71253967285156,
10.803257942199707,
16.144508361816406,
521.2117919921875,
9.585687637329102,
0.0,
0.0,
0.0,
60.36323928833008,
498.83917236328125,
0.0,
0.0,
8.121176719665527,
0.0,
249.3006134033203,
0.0,
0.0,
0.0,
0.0,
0.0,
0.0,
183.8839874267578,
27.303668975830078,
0.0,
0.0,
18.89225196838379,
19.281076431274414,
0.0,
0.0,
0.0,
0.0,
297.0422058105469,
15.820578575134277,
0.0,
0.0,
22.69965934753418,
29.954618453979492,
18.607023239135742,
0.0,
0.0,
2569.9150390625,
183.7918243408203,
0.0,
0.0,
557.06640625,
0.0,
533.78173828125,
0.0,
21.813549041748047,
48.21281051635742,
29.6924991607666,
10.398079872131348,
5.064066410064697,
11.305867195129395,
39.100807189941406,
0.0,
0.0,
0.0,
0.0,
0.0,
0.0,
0.0,
4999.53125,
24.739194869995117,
0.0,
0.0,
0.0,
0.0,
0.0,
0.0,
0.0,
143.836669921875,
0.0,
0.0,
17.38384246826172,
0.0,
0.0,
0.0,
0.0,
57.165550231933594,
96.47101593017578,
0.0,
0.0,
0.0,
39.88851547241211,
0.0,
0.0,
29.237659454345703,
0.0,
46.870323181152344,
0.0,
0.0,
0.0,
0.0,
13.367668151855469,
0.0,
114.60139465332031,
0.0,
0.0,
0.0,
0.0,
46.2426872253418,
0.0,
0.0,
0.0,
247.09683227539062,
0.0,
0.0,
0.0,
0.0,
0.0,
0.0,
0.0,
0.0,
0.0,
2175.27001953125,
0.0,
0.0,
748.3836059570312,
0.0,
0.0,
0.0,
0.0,
0.0,
892.9259643554688,
813.8936157226562,
0.0,
0.0,
94.46472930908203,
10.814456939697266,
0.0,
39.162437438964844,
0.0,
262.1161804199219,
82.61557006835938,
0.0,
514.8426513671875,
0.0,
0.28731998801231384,
726.2904663085938,
73.9566650390625,
60.62075424194336,
0.0,
117.51770782470703,
0.0,
0.0,
0.0,
0.0,
506.0740661621094,
4999.84814453125,
4999.92431640625,
26.122819900512695,
0.0,
0.0,
526.7932739257812,
0.0,
357.7782897949219,
65.65660095214844,
0.0,
0.0,
0.0,
0.0,
0.0,
35.873172760009766,
0.0,
257.66650390625,
679.6521606445312,
467.5523986816406,
1205.6844482421875,
23.92186164855957,
0.0,
0.0,
0.0,
4999.779296875,
0.0,
0.0,
0.0,
35.102699279785156,
361.1912536621094,
0.0,
86.91748809814453,
0.0,
20.056535720825195,
0.0,
100.40644836425781,
0.0,
593.0560913085938,
11.068535804748535,
11.788505554199219,
0.0,
4.000113010406494,
8.941994667053223,
0.0,
249.07778930664062,
0.0,
24.670547485351562,
0.0,
0.0,
0.0,
10.79173755645752,
1744.423095703125,
1320.970458984375,
0.0,
0.0,
0.0,
0.0,
0.0,
1387.1455078125,
0.0,
46.82365417480469,
22.63631248474121,
0.0,
52.59756851196289,
0.0,
62.649715423583984,
0.5825408101081848,
60.69160079956055,
0.0,
0.0,
0.0,
571.4392700195312,
1063.0140380859375,
0.0,
56.346092224121094,
0.0,
215.49700927734375,
0.0,
0.0,
0.0,
0.0,
28.93321418762207,
0.0,
0.0,
0.0,
0.0,
1487.703125,
0.0,
0.0,
1.0176540613174438,
0.0,
23.41653060913086,
0.0,
0.0,
0.0,
0.0,
0.0,
0.0,
748.4510498046875,
11.306988716125488,
0.0,
13.978065490722656,
31.464614868164062,
0.0,
15.795382499694824,
440.4916076660156,
20.592830657958984,
128.76083374023438,
33.02427673339844,
13.816231727600098,
21.0302734375,
0.0,
45.05722427368164,
0.0,
0.0,
40.60535430908203,
0.0,
0.0,
0.0,
12.454845428466797,
0.0,
0.0,
0.0,
15.13863468170166,
37.33935546875,
27.332826614379883,
0.0,
0.0,
0.0,
0.0,
0.0,
2508.42919921875,
0.0,
0.0,
0.0,
18.16940689086914,
7.898504257202148,
0.0,
0.0,
30.09259033203125,
0.0,
11.204891204833984,
0.0,
212.7181854248047,
0.0,
0.0,
0.0,
843.0910034179688,
24.667150497436523,
0.0,
187.10171508789062,
28.657611846923828,
19.189119338989258,
82.86495208740234,
0.0,
0.0,
0.0,
1642.1322021484375,
0.0,
0.5181141495704651,
4999.9326171875,
0.0,
0.0,
0.0,
6.5716657638549805,
18.420351028442383,
297.0390625,
28.955036163330078,
0.0,
0.0,
0.0,
0.0,
1.5207308530807495,
0.0,
3427.9287109375,
0.0,
43.139095306396484,
0.0,
220.81640625,
0.0,
0.0,
164.11532592773438,
59.043025970458984,
5.396139621734619,
0.0,
15.687504768371582,
0.0,
0.0,
0.0,
0.0,
4942.8408203125,
0.0,
176.22271728515625,
0.0,
0.0,
523.195556640625,
0.6028780937194824,
27.83378791809082,
504.1544189453125,
0.0,
0.0,
0.0,
0.0,
0.0,
9.155820846557617,
7.223439693450928,
0.0,
521.4673461914062,
8.018474578857422,
0.0,
0.0,
36.98291778564453,
26.893787384033203,
8.724215507507324,
0.0,
83.39689636230469,
119.05115509033203,
181.274169921875,
0.0,
21.50193214416504,
31.722867965698242,
0.0,
34.256927490234375,
0.0,
26.279443740844727,
0.0,
115.25023651123047,
0.0,
0.0,
0.0,
48.445858001708984,
190.7205810546875,
0.0,
764.2855224609375,
0.0,
0.0,
40.18547439575195,
0.0,
0.0,
29.55359649658203,
31.170026779174805,
0.0,
0.0,
11.538857460021973,
67.64921569824219,
65.6888198852539,
0.0,
0.0,
387.673583984375,
0.0,
25.66982650756836,
0.0,
276.5981140136719,
0.14360184967517853,
0.0,
0.0,
0.0,
0.0,
0.0,
21.328001022338867,
3.7866249084472656,
0.0,
1509.7886962890625,
0.0,
16.982940673828125,
0.0,
0.0,
48.619163513183594,
0.0,
53.27430725097656,
70.44729614257812,
0.0,
0.0,
0.0,
10.659528732299805,
1941.64453125,
0.0,
0.0,
53.60793685913086,
1.7614233493804932,
482.9731140136719,
15.050153732299805,
0.0,
458.8657531738281,
0.0,
27.250028610229492,
0.0,
0.0,
508.0268249511719,
4999.62646484375,
90.71086883544922,
19.1261043548584,
0.0,
0.0,
1244.2783203125,
0.0,
703.7518920898438,
10.990499496459961,
719.5970458984375,
0.0,
0.0,
0.0,
15.514030456542969,
0.0,
72.4793930053711,
87.47666931152344,
0.0,
0.0,
61.11846923828125,
0.0,
16.189163208007812,
15.854595184326172,
0.0,
0.0,
13.097790718078613,
21.250001907348633,
0.0,
837.7061157226562,
0.0,
194.7711944580078,
0.0,
1605.5548095703125,
0.0,
13.03303337097168,
0.0,
0.0,
0.0,
0.0,
0.0,
0.0,
386.81304931640625,
0.0,
0.0,
972.3909301757812,
1067.211669921875,
26.497121810913086,
0.0,
0.0,
61.597084045410156,
4297.00048828125,
0.0,
0.0,
0.0,
0.0,
0.0,
0.0,
0.0,
0.0,
402.348388671875,
0.0,
92.76056671142578,
4999.6279296875,
0.0,
0.0,
50.76712417602539,
0.4907199442386627,
1438.4091796875,
0.0,
0.0,
0.0,
17.27150535583496,
0.0,
19.786344528198242,
0.0,
0.0,
124.88126373291016,
0.0,
0.00890156626701355,
309.5120544433594,
70.56370544433594,
12.991106986999512,
18.592039108276367,
48.242706298828125,
0.0,
65.65180206298828,
0.9953327775001526,
19.242225646972656,
10.995382308959961,
2244.50146484375,
0.0,
136.95223999023438,
145.60430908203125,
0.0,
52.927974700927734,
5.565828323364258,
0.0,
0.0,
0.0,
0.0,
458.705078125,
344.2929382324219,
0.0,
309.5787658691406,
98.9948959350586,
0.0,
7.299842834472656,
0.0,
0.0,
0.0,
23.253780364990234,
31.122802734375,
59.20645523071289,
0.0,
0.0,
0.0,
3125.62109375,
37.60190963745117,
0.0,
52.955772399902344,
0.0,
0.0,
54.92966842651367,
0.0,
0.0,
0.0,
0.0,
104.02800750732422,
3900.626708984375,
0.0,
41.88460922241211,
0.0,
0.0,
0.0,
408.7198791503906,
24.099658966064453,
0.0,
17.59465980529785,
687.0076904296875,
0.0,
0.0,
0.44183456897735596,
0.0,
15.35305404663086,
202.46217346191406,
0.0,
31.958515167236328,
0.0,
0.0,
0.0,
0.0,
0.0,
0.0,
0.0,
37.40289306640625,
0.0,
1.0705997943878174,
0.0,
1741.360107421875,
207.3976593017578,
0.0,
0.0,
253.9207000732422,
58.596107482910156,
0.0,
0.0,
0.0,
78.77352142333984,
294.0686950683594,
0.0,
0.0,
0.0,
0.0,
57.27434158325195,
0.0,
0.0,
103.47198486328125,
0.0,
23.848007202148438,
0.0,
65.09058380126953,
0.0,
0.0,
0.0,
0.0,
214.86636352539062,
34.80601119995117,
4999.97119140625,
1923.033447265625,
0.0,
447.86334228515625,
0.0,
610.1383056640625,
0.0,
0.0,
23.951295852661133,
0.0,
106.55439758300781,
0.0,
499.5574951171875,
0.0,
34.92007064819336,
0.0,
0.0,
1168.1029052734375,
0.0,
0.0,
0.0,
0.0,
0.0,
511.4076232910156,
4999.3515625,
11.12081527709961,
0.0,
0.0,
0.42813900113105774,
38.08150100708008,
0.0,
12.523465156555176,
0.0,
0.0,
35.46975326538086,
0.0,
0.0,
2.587697744369507,
27.400360107421875,
0.0,
41.40708923339844,
0.0,
21.967185974121094,
0.0,
0.0,
27.490373611450195,
660.1423950195312,
35.84531021118164,
0.0,
0.0,
0.0,
0.0,
8.23394775390625,
279.7711486816406,
147.7297821044922,
23.83785629272461,
0.0,
0.0,
121.21955871582031,
0.0,
0.0,
95.90428924560547,
0.0,
0.0,
2.8870716094970703,
12.77326488494873,
0.0,
0.0,
0.0,
27.807682037353516,
4999.78271484375,
0.0,
0.0,
0.0,
8.729276657104492,
1.3895394802093506,
0.0,
0.0,
0.0,
159.28746032714844,
0.0,
0.0,
32.80241012573242,
14.496379852294922,
102.98249053955078,
18.56268310546875,
57.357147216796875,
790.4954223632812,
1260.1107177734375,
0.0,
0.0,
24.982255935668945,
0.0,
0.0,
0.0,
0.0,
280.2934875488281,
0.0,
259.8851013183594,
26.148340225219727,
0.0,
0.0,
0.0,
80.20357513427734,
15.586075782775879,
0.0,
0.0,
0.0,
0.0,
78.97127532958984,
0.0,
0.0,
0.0,
27.369688034057617,
0.0,
2325.4423828125,
0.0,
0.0,
13.816020011901855,
21.446504592895508,
0.0,
0.0,
0.0,
0.0,
0.0,
1.5281835794448853,
0.0,
27.190597534179688,
0.0,
0.0,
39.32070541381836,
41.53461837768555,
0.0,
0.0,
0.0,
0.0,
0.0,
0.11080846935510635,
0.0,
0.0,
0.0,
0.0,
0.0,
118.03655242919922,
4.493865489959717,
0.0,
0.0,
103.72462463378906,
0.0,
0.0,
136.063232421875,
106.39672088623047,
0.0,
38.42121505737305,
481.6242980957031,
0.0,
0.0,
10.33528995513916,
0.0,
0.0,
650.9430541992188,
19.24350357055664,
0.0,
0.0,
0.0,
0.0,
59.75088119506836,
0.0,
0.0,
19.60495376586914,
5.304490089416504,
0.0,
71.94232177734375,
65.60942077636719,
69.53809356689453,
574.647705078125,
0.0,
28.497474670410156,
0.0,
199.4239044189453,
0.0,
0.0,
0.0,
0.0,
41.54777145385742,
13.94667911529541,
0.0,
0.0,
0.0,
805.5111694335938,
0.0,
354.033935546875,
0.0,
82.98501586914062,
0.0,
0.2013072669506073,
0.0,
0.0,
945.0038452148438,
8.737727165222168,
88.01178741455078,
0.0,
29.826440811157227,
70.62361145019531,
11.85088062286377,
1599.0909423828125,
666.0276489257812,
0.0,
0.0,
37.483497619628906,
0.0,
0.0,
0.0,
91.5437240600586,
0.0,
61.82066345214844,
0.0,
0.0,
0.0,
4999.96826171875,
501.1534729003906,
129.8010711669922,
166.0786590576172,
0.0,
0.0,
0.0,
0.0,
682.997802734375,
50.70600128173828,
23.427162170410156,
23.276214599609375,
0.0,
29.822641372680664,
22.232666015625,
27.14731216430664,
0.0,
0.0,
17.137969970703125,
0.0,
0.0,
0.0,
0.0,
0.0,
25.631017684936523,
0.0,
0.0,
2.4941394329071045,
0.0,
0.0,
112.87519836425781,
0.0,
0.0,
0.0,
0.0,
0.0,
252.2021026611328,
0.0,
214.2167510986328,
0.0,
0.0,
0.0,
0.0,
0.0,
6.449988842010498,
6.639416694641113,
586.142822265625,
0.0,
90.66962432861328,
0.0,
157.6155242919922,
0.0,
0.0,
0.0,
0.0,
3.892920970916748,
13.825105667114258,
130.2083282470703,
0.0,
0.0,
0.0,
35.33493423461914,
0.0,
128.68577575683594,
0.0,
164.1111602783203,
0.0,
455.59881591796875,
0.0,
0.0,
0.0,
0.0,
40.29086685180664,
69.09159088134766,
0.0,
249.97348022460938,
0.0,
0.7371544241905212,
0.0,
4.378378868103027,
0.0,
511.2308654785156,
0.0,
0.0,
13.430521011352539,
50.3192138671875,
0.0,
0.0,
0.0,
2.7090110778808594,
11.937143325805664,
297.9944152832031,
230.82911682128906,
54.76161575317383,
0.0,
0.0,
0.0,
20.121597290039062,
7.897509574890137,
0.0,
58.52519989013672,
0.0,
0.0,
0.0,
0.0,
57.93535614013672,
130.61097717285156,
0.0,
365.72808837890625,
0.0,
103.33696746826172,
189.9903106689453,
0.0,
0.0,
0.0,
35.694095611572266,
50.39790344238281,
1103.590087890625,
0.0,
0.0,
49.896053314208984,
122.87574768066406,
181.29830932617188,
14.063855171203613,
0.0,
0.0,
591.4939575195312,
0.0,
42.32270812988281,
47.927085876464844,
13.8358793258667,
0.0,
0.0,
122.54183959960938,
17.966407775878906,
0.0,
0.0,
25.424299240112305,
15.819849967956543,
15.145380020141602,
0.0,
2.0496597290039062,
0.0,
0.0,
0.0,
0.0,
49.202919006347656,
4.398870944976807,
0.0,
0.0,
0.0,
1465.79443359375,
0.0,
0.0,
0.0,
0.0,
0.0,
438.88970947265625,
16.55774688720703,
0.0,
3164.25927734375,
4999.47900390625,
0.0,
0.0,
164.02896118164062,
23.34896469116211,
0.5013417601585388,
0.0,
0.0,
7.90855073928833,
354.73785400390625,
0.0,
0.0,
0.0,
0.0,
0.0,
12.214495658874512,
8.995166778564453,
84.36225891113281,
0.0,
234.527587890625,
0.0,
0.0,
0.0,
0.0,
0.0,
0.0,
718.0264282226562,
0.0,
53.842857360839844,
4956.4150390625,
507.930908203125,
0.0,
418.7215270996094,
0.0,
0.0,
0.0,
0.0,
0.0,
0.0,
0.0,
29.400096893310547,
352.57733154296875,
0.0,
0.0,
0.0,
0.0,
833.2763061523438,
86.09712219238281,
0.0,
0.0,
0.0,
0.0,
0.0,
7.021265983581543,
809.469482421875,
0.0,
0.0,
13.761152267456055,
0.0,
1042.677490234375,
0.0,
4999.9560546875,
0.0,
0.0,
27.700180053710938,
0.0,
0.0,
0.0,
0.0,
0.0,
65.69241333007812,
0.0,
0.0,
0.0,
0.0,
552.310546875,
0.0,
0.0,
0.0,
41.84326934814453,
0.0,
0.0,
291.46807861328125,
0.0,
1.543365716934204,
0.37003442645072937,
0.0,
144.41465759277344,
0.0,
91.56251525878906,
0.0,
0.0,
470.6234130859375,
37.037593841552734,
124.99654388427734,
14.61999797821045,
401.5962219238281,
349.5395202636719,
58.2878303527832,
0.999886155128479,
0.0,
0.0,
38.87946319580078,
22.502668380737305,
0.0,
0.0,
241.88751220703125,
166.18875122070312,
70.00117492675781,
263.1424255371094,
0.0,
243.54986572265625,
0.0,
0.11348311603069305,
0.0,
0.0,
0.0,
15.994019508361816,
156.44004821777344,
11.086273193359375,
51.426979064941406,
0.0,
0.0,
1286.2762451171875,
69.68234252929688,
0.0,
6.754863739013672,
0.0,
0.0,
12.173887252807617,
0.0,
0.0,
34.21464157104492,
35.609256744384766,
0.0,
0.0,
0.0,
0.0,
0.0,
0.0,
33.9238395690918,
0.0,
0.0,
0.0,
0.0,
0.0,
0.0,
29.09064292907715,
0.0,
297.53912353515625,
0.0,
19.509145736694336,
31.934263229370117,
0.0,
2244.723388671875,
0.0,
0.0,
14.974642753601074,
0.0,
0.0,
0.0,
130.09201049804688,
0.0,
18.34199333190918,
4.348813056945801,
0.0,
4999.0986328125,
0.0,
0.0,
18.519376754760742,
0.0,
4.538912773132324,
0.0,
0.0,
0.0,
0.0,
0.0,
0.0,
0.0,
0.0,
28.835092544555664,
58.23372268676758,
0.0,
0.0,
0.0,
30.884748458862305,
0.0,
15.746607780456543,
236.4449920654297,
0.0,
0.0,
85.28611755371094,
0.0,
80.14962768554688,
0.0,
0.0,
0.0,
78.03033447265625,
634.7674560546875,
12.116429328918457,
65.9212417602539,
24.920589447021484,
0.0,
0.0,
0.0,
0.0,
0.7365014553070068,
67.63480377197266,
501.3438720703125,
0.0,
0.0,
9.509076118469238,
0.0,
0.0,
0.0,
0.0,
20.04930877685547,
0.0,
0.0,
42.530052185058594,
0.0,
1.6518304347991943,
0.0,
0.0,
721.4282836914062,
1096.239013671875,
0.0,
0.0,
0.0,
167.4739532470703,
0.0,
4996.98486328125,
0.0,
0.0,
1253.8287353515625,
0.0,
0.0,
0.0,
0.0,
8.934700965881348,
83.9926528930664,
0.0,
50.02485656738281,
15.403975486755371,
0.0,
0.0,
0.0,
19.061189651489258,
0.0,
0.0,
0.0,
0.0,
18.778610229492188,
88.08374786376953,
0.0,
51.52216720581055,
0.0,
0.0,
0.0,
443.3994445800781,
0.0,
15.836339950561523,
0.0,
0.0,
357.1918640136719,
0.0,
1092.197021484375,
5.844151020050049,
274.29925537109375,
73.05355834960938,
35.7154655456543,
457.7264099121094,
0.0,
0.0,
89.64444732666016,
0.0,
2976.156005859375,
96.80343627929688,
144.67921447753906,
732.3001708984375,
17.980180740356445,
0.0,
206.33058166503906,
0.0,
0.0,
0.0,
0.0,
24.061012268066406,
0.0,
26.91562271118164,
6.099010944366455,
23.549503326416016,
0.0,
0.0,
674.28125,
0.0,
16.276268005371094,
50.86314010620117,
0.0,
3209.046630859375,
0.0,
0.0,
0.0,
54.554683685302734,
31.669458389282227,
443.3669128417969,
0.0,
0.0,
343.775390625,
0.0,
0.0,
109.240234375,
1.6512560844421387,
0.0,
4996.6640625,
0.0,
10.80108642578125,
195.14366149902344,
36.010501861572266,
0.0,
0.0,
47.23348617553711,
0.0,
0.0,
124.57658386230469,
20.9481201171875,
0.0,
0.0,
0.0,
35.32184600830078,
0.0,
348.60174560546875,
0.0,
58.28767395019531,
0.0,
17.924884796142578,
0.0,
0.0,
0.0,
0.0,
0.0,
15.782974243164062,
0.0,
0.0,
84.84326171875,
11.790264129638672,
0.0,
0.0,
40.294090270996094,
0.0,
65.01275634765625,
103.97535705566406,
0.0,
0.0,
0.0,
38.15184783935547,
0.0,
0.0,
0.0,
13.6273193359375,
0.0,
11.251380920410156,
13.668386459350586,
0.0,
0.0,
26.199546813964844,
0.0,
46.569297790527344,
0.0,
0.0,
0.0,
0.0,
2.544830560684204,
4999.5478515625,
0.0,
4999.935546875,
30.59999656677246,
0.0,
5.105801582336426,
0.0,
869.1632690429688,
0.0,
10.63616943359375,
0.0,
0.0,
459.51287841796875,
17.782012939453125,
0.0,
0.0,
0.0,
89.65531158447266,
371.7899475097656,
0.27741003036499023,
5.093564510345459,
8.750404357910156,
39.41920471191406,
44.804725646972656,
0.0,
0.0,
49.57332229614258,
313.3446350097656,
554.7763061523438,
152.16737365722656,
0.0,
0.0,
29.22282600402832,
0.0,
29.38189697265625,
0.0,
1286.3272705078125,
0.0,
26.95500946044922,
4998.15673828125,
0.0,
31.69157600402832,
70.8484878540039,
0.0,
42.1091423034668,
0.0,
25.275848388671875,
0.0,
1.0425608158111572,
64.28168487548828,
11.29157829284668,
0.0,
0.0,
0.0,
0.0,
51.110931396484375,
0.0,
0.0,
25.827037811279297,
32.06041717529297,
0.0,
7.5142927169799805,
0.0,
0.0,
30.779573440551758,
75.05315399169922,
5.866880416870117,
0.0,