runtime fraction is 0.10042760089873992
cross accuracy is 0.9886039886039886
actual key is gxrizqhfywujodvcpAabsknmtle
pred key is   gxrizqhfywujvodcpAbasnkmtle
difference of both scores is 415.35205078125
took 132.6378747s
here is the calculated threshold vector:
641.2874145507812,
0.0,
290.861083984375,
0.0,
0.0,
1249.5355224609375,
1461.542236328125,
901.8184204101562,
4962.0283203125,
0.0,
485.2973937988281,
0.0,
954.646484375,
1533.89794921875,
20.279937744140625,
0.0,
4948.51953125,
0.0,
0.0,
304.9534606933594,
0.0,
4791.9072265625,
0.0,
922.992431640625,
0.0,
4971.271484375,
212.7823028564453,
0.0,
4978.94970703125,
307.8392028808594,
4978.71875,
68.9697036743164,
116.05982971191406,
0.0,
4992.63427734375,
825.5700073242188,
4987.2431640625,
4978.2294921875,
0.0,
0.0,
0.0,
2202.657470703125,
70.25165557861328,
445.09698486328125,
492.1139221191406,
2800.91015625,
0.0,
84.85599517822266,
0.0,
0.0,
1641.632080078125,
476.6722412109375,
0.0,
675.1488647460938,
2782.30908203125,
0.0,
4971.72216796875,
381.88140869140625,
4957.50732421875,
4954.44873046875,
118.20533752441406,
0.0,
1013.309326171875,
805.40185546875,
295.1467590332031,
430.528076171875,
574.0306396484375,
66.37464904785156,
4925.27734375,
0.0,
147.7648162841797,
0.0,
243.1097412109375,
0.0,
0.0,
3546.069091796875,
398.6227722167969,
237.43545532226562,
0.0,
500.56256103515625,
0.0,
4939.01708984375,
0.0,
0.0,
0.0,
77.22467041015625,
0.0,
0.0,
310.3719482421875,
1502.882080078125,
591.2056274414062,
0.0,
0.0,
0.0,
644.5626831054688,
0.0,
539.2108154296875,
0.0,
0.0,
0.0,
432.1430969238281,
693.799560546875,
0.0,
0.0,
0.0,
364.86474609375,
0.0,
0.0,
0.0,
0.0,
0.0,
1444.46533203125,
0.0,
0.0,
0.0,
0.0,
627.441650390625,
0.0,
0.0,
0.0,
4992.98779296875,
0.0,
0.0,
4976.2470703125,
0.0,
0.0,
952.90576171875,
0.0,
0.0,
260.7408142089844,
0.0,
2984.9453125,
768.1286010742188,
0.0,
0.0,
0.0,
4402.81787109375,
1037.903564453125,
387.72418212890625,
15.791461944580078,
0.0,
0.0,
0.0,
588.2328491210938,
1470.050537109375,
0.0,
0.0,
0.0,
0.0,
0.0,
618.3577270507812,
0.0,
0.0,
0.0,
0.0,
0.0,
0.0,
0.0,
105.59314727783203,
146.4293670654297,
0.0,
0.0,
0.0,
493.20361328125,
0.0,
655.9033203125,
1548.248291015625,
0.0,
0.0,
4507.859375,
1846.1578369140625,
0.0,
0.0,
180.86643981933594,
0.0,
260.9639892578125,
793.8073120117188,
0.0,
0.0,
0.0,
0.0,
256.13751220703125,
0.0,
0.0,
0.0,
0.0,
288.7945861816406,
0.0,
0.0,
0.0,
0.0,
0.0,
2664.79150390625,
187.7640838623047,
0.0,
0.0,
118.75269317626953,
0.0,
3497.6640625,
0.0,
0.0,
4998.82421875,
0.0,
0.0,
0.0,
0.0,
1295.333740234375,
0.0,
0.0,
0.0,
0.0,
0.0,
0.0,
0.0,
0.0,
0.0,
0.0,
133.0338897705078,
0.0,
0.0,
359.6504821777344,
0.0,
287.19525146484375,
4990.15771484375,
3631.485107421875,
245.563720703125,
0.0,
0.0,
4996.10498046875,
297.6485900878906,
0.0,
318.77703857421875,
1502.6507568359375,
1223.1690673828125,
0.0,
0.0,
0.0,
0.0,
337.3728942871094,
0.0,
0.0,
310.1548156738281,
604.48486328125,
0.0,
0.0,
0.0,
0.0,
0.0,
0.0,
0.0,
1571.852783203125,
0.0,
1055.8858642578125,
0.0,
0.0,
0.0,
132.4031982421875,
0.0,
0.0,
0.0,
0.0,
413.9548034667969,
0.0,
425.5877685546875,
0.0,
190.87242126464844,
997.723876953125,
993.9351806640625,
526.061279296875,
0.0,
0.0,
0.0,
0.0,
0.0,
190.1593017578125,
0.0,
0.0,
411.1488952636719,
0.0,
487.0594177246094,
184.9208984375,
0.0,
1466.6737060546875,
0.0,
0.0,
0.0,
0.0,
0.0,
0.0,
0.0,
181.7835693359375,
0.0,
0.0,
0.0,
0.0,
0.0,
0.0,
0.0,
4436.9814453125,
0.0,
0.0,
173.80592346191406,
0.0,
2480.199951171875,
3057.607666015625,
0.0,
0.0,
1255.090576171875,
0.0,
136.834716796875,
110.27962493896484,
0.0,
2004.415771484375,
0.0,
0.0,
0.0,
0.0,
0.0,
387.58135986328125,
520.4998168945312,
0.0,
0.0,
405.60369873046875,
17.95677375793457,
36.27323532104492,
440.8802490234375,
0.0,
749.3091430664062,
267.01171875,
0.0,
693.8152465820312,
0.0,
0.0,
0.0,
0.0,
4785.3251953125,
282.4884338378906,
0.0,
126.1634750366211,
0.0,
0.0,
659.7520751953125,
0.0,
0.0,
0.0,
0.0,
0.0,
189.56765747070312,
0.0,
0.0,
0.0,
0.0,
0.0,
50.34037780761719,
350.6158142089844,
0.0,
552.2137451171875,
0.0,
4999.52587890625,
2358.88671875,
1536.93505859375,
0.0,
0.0,
0.0,
2136.86474609375,
0.0,
0.0,
0.0,
80.83485412597656,
804.2568969726562,
0.0,
0.0,
0.0,
0.0,
0.0,
0.0,
0.0,
267.69622802734375,
0.0,
0.0,
0.0,
0.0,
0.0,
1076.0616455078125,
294.2555236816406,
0.0,
748.0462646484375,
503.6318359375,
0.0,
0.0,
0.0,
40.45185089111328,
0.0,
0.0,
940.0278930664062,
143.7495574951172,
0.0,
0.0,
0.0,
0.0,
636.730224609375,
0.0,
531.8917846679688,
3315.418212890625,
82.56732177734375,
0.0,
0.0,
0.0,
68.92943572998047,
0.0,
0.0,
0.0,
296.64324951171875,
0.0,
0.0,
0.0,
0.0,
0.0,
435.29150390625,
0.0,
0.0,
0.0,
987.593994140625,
0.0,
0.0,
1097.9765625,
26.459369659423828,
0.0,
0.0,
0.0,
0.0,
0.0,
159.32496643066406,
0.0,
99.47480773925781,
0.0,
0.0,
0.0,
0.0,
1123.928466796875,
4919.99951171875,
669.0221557617188,
2127.599609375,
0.0,
0.0,
0.0,
0.0,
0.0,
755.7268676757812,
0.0,
0.0,
298.2012634277344,
1961.439208984375,
0.0,
0.0,
57.87788772583008,
0.0,
0.0,
0.0,
0.0,
0.0,
2340.4013671875,
69.16283416748047,
243.59071350097656,
0.0,
0.0,
0.0,
0.0,
0.0,
3866.80419921875,
321.4351501464844,
77.21318054199219,
0.0,
68.68132781982422,
0.0,
0.0,
487.91925048828125,
123.32427978515625,
154.7431182861328,
0.0,
0.0,
0.0,
3227.8427734375,
0.0,
0.0,
982.9293212890625,
0.0,
594.601318359375,
1645.5028076171875,
0.0,
0.0,
0.0,
0.0,
0.0,
0.0,
4972.2998046875,
709.7494506835938,
0.0,
0.0,
510.9347839355469,
0.0,
0.0,
1063.8359375,
0.0,
0.0,
0.0,
0.0,
460.6728820800781,
0.0,
1773.73388671875,
0.0,
0.0,
915.3098754882812,
133.0359649658203,
414.18017578125,
0.0,
928.4326171875,
0.0,
842.7964477539062,
4963.9716796875,
0.0,
137.26937866210938,
0.0,
0.0,
734.57421875,
2165.83349609375,
0.0,
0.0,
253.56297302246094,
893.1044921875,
26.133129119873047,
0.0,
0.0,
0.0,
0.0,
0.0,
0.0,
0.0,
0.0,
0.0,
883.2211303710938,
0.0,
0.0,
1330.92333984375,
0.0,
62.46152877807617,
0.0,
0.0,
682.6435546875,
0.0,
1155.348388671875,
0.0,
0.0,
0.0,
0.0,
212.31036376953125,
0.0,
406.5030822753906,
564.8677978515625,
0.0,
0.0,
0.0,
441.8630676269531,
518.9130859375,
0.0,
0.0,
0.0,
0.0,
0.0,
0.0,
0.0,
0.0,
0.0,
0.0,
0.0,
0.0,
158.62806701660156,
0.0,
557.6779174804688,
0.0,
0.0,
0.0,
0.0,
0.0,
243.39669799804688,
328.9632263183594,
59.80236053466797,
0.0,
0.0,
0.0,
0.0,
0.0,
0.0,
0.0,
0.0,
0.0,
0.0,
0.0,
586.1587524414062,
475.28875732421875,
213.1608123779297,
0.0,
0.0,
0.0,
221.38882446289062,
0.0,
0.0,
0.0,
0.0,
0.0,
390.64739990234375,
0.0,
0.0,
0.0,
0.0,
0.0,
244.16651916503906,
0.0,
0.0,
0.0,
656.99267578125,
894.7415161132812,
519.49951171875,
296.6058654785156,
0.0,
14.691259384155273,
0.0,
138.2135467529297,
207.96263122558594,
0.0,
0.0,
0.0,
0.0,
0.0,
0.0,
0.0,
0.0,
285.5181579589844,
0.0,
0.0,
0.0,
0.0,
0.0,
730.0948486328125,
1665.169677734375,
2482.29443359375,
0.0,
0.0,
303.447265625,
0.0,
0.0,
322.1221008300781,
682.3656005859375,
0.0,
0.0,
0.0,
3997.6083984375,
0.0,
245.0118865966797,
0.0,
66.2496566772461,
0.0,
438.6060791015625,
0.0,
0.0,
0.0,
0.0,
97.91250610351562,
65.38801574707031,
1886.502197265625,
0.0,
0.0,
0.0,
0.0,
1904.4287109375,
4989.47998046875,
248.37950134277344,
0.0,
0.0,
0.0,
0.0,
562.45849609375,
644.866943359375,
0.0,
143.7112274169922,
0.0,
533.9602661132812,
115.03086853027344,
0.0,
0.0,
0.0,
0.0,
0.0,
0.0,
28.44977569580078,
1189.70458984375,
0.0,
0.0,
0.0,
955.2998657226562,
0.0,
0.0,
157.48855590820312,
0.0,
107.02375030517578,
0.0,
0.0,
0.0,
0.0,
321.0497131347656,
0.0,
817.1206665039062,
256.15545654296875,
4952.16748046875,
0.0,
490.1042175292969,
0.0,
0.0,
0.0,
0.0,
1011.894287109375,
0.0,
0.0,
0.0,
0.0,
0.0,
0.0,
594.3095092773438,
81.29605102539062,
0.0,
0.0,
0.0,
0.0,
1.1070581674575806,
334.98748779296875,
144.99642944335938,
79.33809661865234,
0.0,
0.0,
0.0,
328.4975891113281,
4986.6982421875,
106.73523712158203,
0.0,
0.0,
0.0,
0.0,
0.0,
3521.95849609375,
0.0,
0.0,
345.1466064453125,
0.0,
0.0,
406.995849609375,
97.87531280517578,
0.0,
160.4235382080078,
0.0,
0.0,
998.5331420898438,
222.4037628173828,
0.0,
0.0,
0.0,
0.0,
0.0,
0.0,
0.0,
0.0,
0.0,
0.0,
0.0,
0.0,
0.0,
0.0,
0.0,
0.0,
380.04217529296875,
0.0,
0.0,
0.0,
1107.5281982421875,
0.0,
0.0,
0.0,
0.0,
0.0,
0.0,
0.0,
0.0,
0.0,
0.0,
0.0,
40.59362030029297,
178.5107879638672,
104.12262725830078,
0.0,
331.3753662109375,
0.0,
424.0546875,
0.0,
0.0,
78.1720962524414,
0.0,
3310.767822265625,
0.0,
0.0,
0.0,
0.0,
0.0,
0.0,
372.69500732421875,
0.0,
448.5011901855469,
0.0,
0.0,
0.0,
0.0,
924.634765625,
4896.55712890625,
0.0,
298.7087097167969,
0.0,
0.0,
0.0,
0.0,
108.70866394042969,
146.10311889648438,
0.0,
0.0,
0.0,
189.8537139892578,
891.5474243164062,
0.0,
131.51119995117188,
0.0,
179.08267211914062,
787.7335815429688,
0.0,
0.0,
0.0,
0.0,
318.5301513671875,
0.0,
0.0,
162.04705810546875,
0.0,
0.0,
111.04595184326172,
0.0,
0.0,
0.0,
0.0,
4998.181640625,
0.0,
0.0,
0.0,
211.41783142089844,
0.0,
199.52197265625,
0.0,
634.6508178710938,
413.3711242675781,
0.0,
460.9947814941406,
0.0,
345.3370056152344,
0.0,
0.0,
0.0,
0.0,
0.0,
0.0,
439.92291259765625,
30.67498207092285,
174.90884399414062,
0.0,
0.0,
0.0,
0.0,
0.0,
0.0,
0.0,
523.189453125,
0.0,
934.4794311523438,
0.0,
0.0,
0.0,
0.0,
63.528053283691406,
0.0,
364.59906005859375,
511.0086975097656,
636.3675537109375,
567.2130126953125,
0.0,
570.1632690429688,
0.0,
0.0,
0.0,
0.0,
831.2401123046875,
0.0,
0.0,
0.0,
404.4642028808594,
0.0,
0.0,
353.24334716796875,
340.9358215332031,
0.0,
270.73480224609375,
0.0,
0.0,
0.0,
0.0,
435.9190368652344,
219.8857421875,
0.0,
0.0,
0.0,
3140.42724609375,
0.0,
0.0,
4987.03271484375,
0.0,
0.0,
1298.36962890625,
0.0,
149.3445281982422,
0.0,
0.0,
0.0,
0.0,
0.0,
0.0,
0.0,
0.0,
512.388427734375,
246.35903930664062,
4999.15771484375,
0.0,
299.7939453125,
0.0,
0.0,
0.0,
0.0,
0.0,
4982.38037109375,
0.0,
0.0,
0.0,
0.0,
140.01597595214844,
0.0,
0.0,
1960.708251953125,
0.0,
0.0,
0.0,
0.0,
340.3760986328125,
0.0,
0.0,
0.0,
1812.844970703125,
0.0,
1883.808837890625,
0.0,
47.132720947265625,
0.0,
0.0,
0.0,
0.0,
0.0,
0.0,
0.0,
0.0,
0.0,
0.0,
0.0,
266.962646484375,
343.0722351074219,
0.0,
0.0,
0.0,
0.0,
0.0,
161.68617248535156,
0.0,
919.0419311523438,
4997.27734375,
0.0,
0.0,
0.0,
0.0,
0.0,
0.0,
0.0,
0.0,
0.0,
374.70050048828125,
280.6935729980469,
366.9309997558594,
429.2220153808594,
0.0,
665.5037231445312,
0.0,
0.0,
0.0,
0.0,
48.077789306640625,
0.0,
0.0,
0.0,
0.0,
0.0,
0.0,
0.0,
0.0,
153.48538208007812,
1035.7481689453125,
0.0,
166.6548614501953,
0.0,
70.23312377929688,
452.31195068359375,
4949.80859375,
0.0,
2243.588623046875,
0.0,
0.0,
0.0,
0.0,
70.12545013427734,
0.0,
640.100341796875,
0.0,
312.3724060058594,
2158.22265625,
0.0,
1386.13671875,
0.0,
0.0,
0.0,
0.0,
70.58168029785156,
0.0,
0.0,
251.56222534179688,
0.0,
0.0,
0.0,
105.30134582519531,
1216.6290283203125,
4986.63720703125,
0.0,
3672.7080078125,
0.0,
0.0,
0.0,
154.03500366210938,
216.67164611816406,
3029.62109375,
22.195655822753906,
0.0,
0.0,
47.50137710571289,
0.0,
81.98287200927734,
57.67354965209961,
0.0,
570.4920654296875,
0.0,
0.0,
0.0,
0.0,
4587.50830078125,
0.0,
92.94314575195312,
1332.758056640625,
0.0,
464.0697326660156,
1133.6337890625,
0.0,
0.0,
317.31085205078125,
347.4557800292969,
1441.644287109375,
0.0,
443.8849182128906,
49.834903717041016,
0.0,
843.3623657226562,
0.0,
0.0,
2660.412109375,
0.0,
0.0,
0.0,
0.0,
0.0,
240.2665557861328,
4008.93115234375,
0.0,
823.7056274414062,
0.0,
0.0,
0.0,
960.0167846679688,
0.0,
0.0,
6.861564636230469,
103.82521057128906,
0.0,
0.0,
0.0,
0.0,
662.09765625,
0.0,
583.7939453125,
0.0,
0.0,
1105.82763671875,
304.995849609375,
0.0,
0.0,
112.98955535888672,
172.8842315673828,
0.0,
4551.23388671875,
40.299156188964844,
0.0,
0.0,
0.0,
0.0,
0.0,
0.0,
0.0,
0.0,
0.0,
4999.60888671875,
0.0,
2613.53466796875,
0.0,
0.0,
446.740234375,
402.6899108886719,
0.0,
4193.14453125,
0.0,
0.0,
0.0,
1313.296875,
0.0,
0.0,
0.0,
0.0,
238.63551330566406,
0.0,
0.0,
0.0,
0.0,
0.0,
0.0,
0.0,
0.0,
0.0,
2591.619384765625,
658.2537841796875,
0.0,
120.25437927246094,
386.55316162109375,
0.0,
0.0,
328.9639892578125,
70.72993469238281,
0.0,
0.0,
0.0,
90.58110046386719,
0.0,
0.0,
0.0,
462.5928955078125,
624.3817749023438,
0.0,
0.0,
233.8868408203125,
0.0,
649.9064331054688,
0.0,
34.9454231262207,
1540.535888671875,
0.0,
0.0,
0.0,
1491.482177734375,
0.0,
0.0,
438.0787658691406,
0.0,
0.0,
0.0,
0.0,
0.0,
0.0,
441.8917236328125,
0.0,
0.0,
0.0,
1380.15869140625,
0.0,
0.0,
0.0,
158.74107360839844,
0.0,
0.0,
1023.9703369140625,
527.6100463867188,
1436.4649658203125,
68.57249450683594,
347.48089599609375,
0.0,
0.0,
369.3072204589844,
0.0,
0.0,
0.0,
0.0,
0.0,
0.0,
231.17193603515625,
0.0,
347.64117431640625,
0.0,
0.0,
0.0,
0.0,
0.0,
562.498291015625,
0.0,
0.0,
570.7255249023438,
0.0,
0.0,
0.0,
529.5761108398438,
0.0,
247.29092407226562,
0.0,
110.34333038330078,
0.0,
0.0,
0.0,
0.0,
0.0,
0.0,
0.0,
0.0,
0.0,
0.0,
0.0,
0.0,
0.0,
439.2376403808594,
0.0,
0.0,
1409.7923583984375,
0.0,
185.0977325439453,
1946.045166015625,
0.0,
0.0,
0.0,
0.0,
0.0,
1017.7999877929688,
0.0,
452.43780517578125,
292.57037353515625,
0.0,
283.2876281738281,
0.0,
0.0,
0.0,
337.8468933105469,
0.0,
0.0,
0.0,
0.0,
171.5738983154297,
668.7350463867188,
0.0,
118.15319061279297,
0.0,
826.0498046875,
422.8477783203125,
107.33551025390625,
0.0,
272.535888671875,
0.0,
0.0,
0.0,
0.0,
0.0,
869.067138671875,
0.0,
0.0,
0.0,
405.8139343261719,
3541.57958984375,
0.0,
0.0,
0.0,
2497.69580078125,
121.27398681640625,
0.0,
0.0,
0.0,
0.0,
44.606773376464844,
0.0,
15.035235404968262,
0.0,
0.0,
704.8236694335938,
0.0,
0.0,
0.0,
694.3037109375,
0.0,
0.0,
0.0,
0.0,
0.0,
0.0,
0.0,
0.0,
437.84930419921875,
602.63427734375,
0.0,
0.0,
353.53082275390625,
0.0,
0.0,
0.0,
710.0303955078125,
0.0,
0.0,
0.0,
0.0,
0.0,
0.0,
0.0,
0.0,
0.0,
428.33477783203125,
0.0,
0.0,
30.478240966796875,
0.0,
547.435302734375,
2566.60009765625,
0.0,
4982.97900390625,
0.0,
0.0,
747.834716796875,
0.0,
0.0,
353.9744567871094,
295.92047119140625,
0.0,
0.0,
0.0,
538.2506713867188,
1384.4771728515625,
0.0,
0.0,
0.0,
0.0,
0.0,
1011.0845336914062,
0.0,
1720.5506591796875,
0.0,
365.23553466796875,
0.0,
0.0,
0.0,
0.0,
0.0,
0.0,
2458.27197265625,
0.0,
0.0,
0.0,
0.0,
0.0,
0.0,
0.0,
0.0,
345.7585754394531,
0.0,
0.0,
0.0,
765.5150756835938,
0.0,
282.8682556152344,
990.9221801757812,
1495.1927490234375,
739.9803466796875,
0.0,
565.9247436523438,
0.0,
0.0,
0.0,
104.57176971435547,
0.0,
0.0,
0.0,
799.6222534179688,
0.0,
0.0,
0.0,
0.0,
0.0,
183.3178253173828,
1536.35546875,
0.0,
541.2190551757812,
0.0,
0.0,
0.0,
1503.2098388671875,
0.0,
0.0,
35.8021354675293,
0.0,
0.0,
0.0,
90.59469604492188,
0.0,
0.0,
0.0,
0.0,
828.3843383789062,
1977.503662109375,
0.0,
0.0,
0.0,
718.84716796875,
4975.263671875,
312.7478942871094,
0.0,
826.4971313476562,
0.0,
0.0,
0.0,
438.5001525878906,
1374.0057373046875,
0.0,
0.0,
418.284912109375,
2729.440673828125,
0.0,
0.0,
0.0,
4996.08740234375,
1819.2896728515625,
78.09822845458984,
0.0,
211.63587951660156,
301.6160888671875,
0.0,
0.0,
397.67926025390625,
0.0,
0.0,
0.0,
3681.950927734375,
682.8536987304688,
0.0,
0.0,
0.0,
0.0,
0.0,
0.0,
0.0,
25.909812927246094,
0.0,
2122.910400390625,
0.0,
0.0,
170.36383056640625,
460.1175231933594,
0.0,
0.0,
0.0,
0.0,
0.0,
0.0,
49.03376007080078,
0.0,
227.2991485595703,
1444.3973388671875,
0.0,
0.0,
0.0,
0.0,
0.0,
0.0,
0.0,
280.4463195800781,
0.0,
0.0,
0.0,
190.91534423828125,
0.0,
0.0,
0.0,
621.4500122070312,
523.53564453125,
0.0,
0.0,
394.6988830566406,
334.4554138183594,
682.4808349609375,
0.0,
0.0,
0.0,
0.0,
0.0,
0.0,
0.0,
0.0,
191.90139770507812,
0.0,
0.0,
0.0,
0.0,
0.0,
736.571044921875,
0.0,
0.0,
528.2389526367188,
51.41641616821289,
0.0,
798.4794921875,
277.665283203125,
0.0,
0.0,
0.0,
0.0,
13.4465913772583,
0.0,
0.0,
0.0,
0.0,
27.646270751953125,
0.0,
0.0,
0.0,
218.39718627929688,
0.0,
0.0,
0.0,
0.0,
527.7174072265625,
2562.4814453125,
0.0,
0.0,
0.0,
0.0,
11.811660766601562,
0.0,
0.0,
0.0,
0.0,
0.0,
4952.47607421875,
0.0,
469.12017822265625,
0.0,
0.0,
0.0,
132.3385772705078,
2639.479248046875,
0.0,
0.0,
653.6019897460938,
0.0,
0.0,
567.4097290039062,
331.7466125488281,
0.0,
1949.463134765625,
0.0,
0.0,
764.3589477539062,
43.8282470703125,
0.0,
235.5774383544922,
3674.954345703125,
0.0,
188.02821350097656,
465.1982421875,
578.3871459960938,
0.0,
0.0,
0.0,
0.0,
73.46553039550781,
0.0,
0.0,
0.0,
0.0,
0.0,
0.0,
0.0,
216.16490173339844,
2017.3280029296875,
293.94110107421875,
236.7130584716797,
0.0,
0.0,
0.0,
292.742431640625,
0.0,
456.6472473144531,
0.0,
0.0,
4998.57666015625,
3.0612711906433105,
0.0,
0.0,
0.0,
132.25250244140625,
923.3534545898438,
0.0,
0.0,
0.0,
0.0,
0.0,
306.72894287109375,
0.0,
342.0770568847656,
0.0,
0.0,
0.0,
0.0,
159.9086456298828,
0.0,
0.0,
590.7687377929688,
0.0,
0.0,
1523.80810546875,
645.241455078125,
264.1664123535156,
0.0,
0.0,
0.0,
695.4379272460938,
0.0,
0.0,
1454.751953125,
0.0,
0.0,
438.23828125,
0.0,
0.0,
0.0,
229.53492736816406,
194.50991821289062,
0.0,
376.8866882324219,
0.0,
0.0,
167.72398376464844,
0.0,
778.90380859375,
400.3096618652344,
0.0,
0.0,
0.0,
2170.84130859375,
0.0,
0.0,
0.0,
0.0,
0.0,
0.0,
0.0,
61.225791931152344,
312.1591796875,
0.0,
541.4743041992188,
0.0,
0.0,
0.0,
0.0,
915.7957763671875,
0.0,
0.0,
0.0,
246.4476776123047,
0.0,
0.0,
0.0,
65.54840850830078,
0.0,
0.0,
0.0,
0.0,
2751.495361328125,
0.0,
0.0,
0.0,
0.0,
0.0,
0.0,
0.0,
575.070068359375,
0.0,
0.0,
0.0,
0.0,
0.0,
0.0,
0.0,
4996.392578125,
0.0,
105.3151626586914,
165.0215301513672,
0.0,
4860.267578125,
0.0,
0.0,
0.0,
0.0,
0.0,
1285.5223388671875,
20.253690719604492,
0.0,
0.0,
123.08302307128906,
0.0,
0.0,
96.82350158691406,
119.0819320678711,
205.71096801757812,
0.0,
2176.75048828125,
0.0,
0.0,
0.0,
0.0,
1618.8199462890625,
883.0279541015625,
1192.232421875,
0.0,
0.0,
0.0,
0.0,
0.0,
0.0,
0.0,
0.0,
0.0,
0.0,
0.0,
287.20477294921875,
0.0,
986.471435546875,
785.1528930664062,
0.0,
0.0,
0.0,
1049.050537109375,
0.0,
0.0,
202.78482055664062,
13.251082420349121,
159.1854248046875,
0.0,
0.0,
601.0438842773438,
0.0,
0.0,
0.0,
0.0,
0.0,
807.1174926757812,
148.2584686279297,
0.0,
532.1978149414062,
0.0,
0.0,
427.8885192871094,
0.0,
0.0,
0.0,
0.0,
0.0,
844.090087890625,
472.79833984375,
0.0,
883.5333251953125,
0.0,
4365.96337890625,
0.0,
4430.2041015625,
0.0,
0.0,
723.8092041015625,
911.9877319335938,
0.0,
2719.221435546875,
690.1021118164062,
0.0,
0.0,
239.08392333984375,
880.0200805664062,
161.89227294921875,
0.0,
252.2252960205078,
0.0,
96.7061767578125,
0.0,
0.0,
304.7474670410156,
0.0,
1202.24609375,
0.0,
841.1199951171875,
0.0,
0.0,
0.0,
0.0,
886.8079223632812,
0.0,
0.0,
281.3179931640625,
764.242919921875,
0.0,
7.7317376136779785,
416.6669921875,
0.0,
0.0,
962.5953369140625,
370.3210144042969,
652.041015625,
526.4754028320312,
0.0,
0.0,
0.0,
0.0,
0.0,
0.0,
0.0,
265.78460693359375,
0.0,
0.0,
33.06454849243164,
0.0,
1988.4039306640625,
0.0,
147.29922485351562,
0.0,
0.0,
0.0,
0.0,
0.0,
433.99810791015625,
0.0,
1288.77587890625,
0.0,
70.86166381835938,
4923.86083984375,
439.6245422363281,
441.1687316894531,
0.0,
0.0,
260.9645080566406,
0.0,
0.0,
0.0,
133.02407836914062,
0.0,
0.0,
0.0,
0.0,
0.0,
0.0,
0.0,
0.0,
0.0,
0.0,
0.0,
0.0,
266.783935546875,
0.0,
0.0,
0.0,
579.9130859375,
0.0,
0.0,
0.0,
0.0,
0.0,
0.0,
0.0,
874.6666870117188,
0.0,
4962.400390625,
0.0,
0.0,
0.0,
0.0,
0.0,
0.0,
144.50704956054688,
0.0,
0.0,
458.3481750488281,
0.0,
0.0,
629.2197265625,
0.0,
0.0,
0.0,
125.69407653808594,
325.9463195800781,
0.0,
2861.809814453125,
138.6287384033203,
0.0,
0.0,
0.0,
0.0,
0.0,
0.0,
0.0,
0.0,
0.0,
0.0,
1087.376708984375,
0.0,
781.399658203125,
0.0,
0.0,
0.0,
0.0,
0.0,
0.0,
0.0,
0.0,
0.0,
0.0,
0.0,
701.8528442382812,
0.0,
0.0,
0.0,
133.75967407226562,
0.0,
0.0,
0.0,
0.0,
0.0,
0.0,
0.0,
0.0,
598.5784301757812,
233.96142578125,
0.0,
47.705684661865234,
0.0,
204.38648986816406,
249.4725341796875,
3809.59814453125,
0.0,
0.0,
0.0,
0.0,
2896.3740234375,
42.39274597167969,
0.0,
0.0,
1252.1500244140625,
593.1746215820312,
0.0,
0.0,
211.27169799804688,
0.0,
0.0,
0.0,
0.0,
0.0,
0.0,
0.0,
0.0,
0.0,
328.45147705078125,
0.0,
0.0,
3363.2900390625,
0.0,
0.0,
0.0,
0.0,
1690.2509765625,
0.0,
442.3272705078125,
0.0,
0.0,
274.6053771972656,
0.0,
0.0,
2640.57421875,
0.0,
0.0,
0.0,
247.46783447265625,
3484.53564453125,
401.5294189453125,
793.1781616210938,
3096.337890625,
0.0,
0.0,
0.0,
0.0,
1089.2537841796875,
0.0,
182.74484252929688,
0.0,
0.0,
0.0,
0.0,
0.0,
789.6028442382812,
0.0,
0.0,
0.0,
0.0,
0.0,
0.0,
0.0,
0.0,
861.06298828125,
751.5733642578125,
0.0,
372.5888671875,
1012.6471557617188,
0.0,
0.0,
0.0,
25.07469367980957,
0.0,
978.7196655273438,
1334.6590576171875,
0.0,
0.0,
0.0,
0.0,
0.0,
0.0,
0.0,
0.0,
281.1867980957031,
0.0,
0.0,
0.0,
0.0,
305.38214111328125,
0.0,
824.3297729492188,
0.0,
0.0,
59.19960403442383,
0.0,
751.6165771484375,
1957.671875,
0.0,
0.0,
1049.7957763671875,
4995.64892578125,
0.0,
0.0,
0.0,
0.0,
685.88671875,
0.0,
0.0,
0.0,
728.5485229492188,
0.0,
0.0,
0.0,
0.0,
0.0,
0.0,
0.0,
202.95436096191406,
0.0,
671.9212646484375,
774.9871826171875,
2050.443115234375,
0.0,
539.3804321289062,
0.0,
0.0,
0.0,
0.0,
0.0,
0.0,
494.4084167480469,
0.0,
279.3382263183594,
0.0,
1590.915283203125,
0.0,
262.0750732421875,
686.7520751953125,
0.0,
179.7745819091797,
0.0,
0.0,
0.0,
0.0,
0.0,
159.9110107421875,
0.0,
0.0,
251.93157958984375,
0.0,
0.0,
0.0,
620.0487670898438,
0.0,
0.0,
0.0,
375.9567565917969,
0.0,
1617.8394775390625,
1136.4420166015625,
1041.59619140625,
1555.87451171875,
0.0,
0.0,
0.0,
693.2881469726562,
220.306396484375,
1384.3326416015625,
0.0,
171.8580322265625,
597.6942138671875,
0.0,
0.0,
236.5436553955078,
0.0,
0.0,
0.0,
0.0,
0.0,
0.0,
48.788204193115234,
188.05035400390625,
0.0,
913.662109375,
754.1526489257812,
0.0,
0.0,
0.0,
201.95147705078125,
0.0,
0.0,
0.0,
0.0,
0.0,
0.0,
473.13653564453125,
0.0,
0.0,
0.0,
247.55288696289062,
268.18048095703125,
0.0,
0.0,
1127.7606201171875,
0.0,
0.0,
647.5784912109375,
0.0,
0.0,
0.0,
0.0,
0.0,
1591.2371826171875,
164.5673065185547,
0.0,
0.0,
0.0,
692.0880126953125,
2301.455810546875,
0.0,
392.0406799316406,
0.0,
0.0,
0.0,
452.4820251464844,
0.0,
145.5731658935547,
4572.55517578125,
1205.9578857421875,
0.0,
0.0,
0.0,
2528.2685546875,
0.0,
1184.380126953125,
0.0,
259.7381591796875,
25.897430419921875,
198.97613525390625,
0.0,
0.0,
0.0,
0.0,
0.0,
0.0,
565.2457275390625,
63.0487060546875,
0.0,
0.0,
441.8208923339844,
0.0,
0.0,
0.0,
0.0,
0.0,
0.0,
0.0,
578.0580444335938,
0.0,
0.0,
1806.439453125,
420.14501953125,
143.6114501953125,
0.0,
0.0,
1534.510498046875,
0.0,
0.0,
0.0,
417.1161193847656,
924.5996704101562,
2812.36279296875,
0.0,
0.0,
0.0,
0.0,
0.0,
0.0,
0.0,
0.0,
695.2013549804688,
168.08155822753906,
688.3533935546875,
0.0,
0.0,
0.0,
2780.461181640625,
0.0,
0.0,
0.0,
372.23712158203125,
0.0,
0.0,
153.21922302246094,
259.3042297363281,
0.0,
0.0,
0.0,
4989.39013671875,
0.0,
0.0,
0.0,
0.0,
115.7574462890625,
203.39817810058594,
0.0,
463.62347412109375,
0.0,
290.5777282714844,
0.0,
0.0,
0.0,
543.66748046875,
478.3424377441406,
0.0,
1038.0537109375,
0.0,
0.0,
0.0,
0.0,
0.0,
687.1806030273438,
1756.101806640625,
168.96011352539062,
0.0,
0.0,
265.4338684082031,
0.0,
0.0,
0.0,
0.0,
0.0,
809.4117431640625,
0.0,
0.0,
0.0,
835.7647094726562,
1064.2061767578125,
0.0,
0.0,
0.0,
0.0,
0.0,
0.0,
0.0,
0.0,
0.0,
0.0,
0.0,
0.0,
275.33642578125,
0.0,
670.1922607421875,
1812.4764404296875,
0.0,
0.0,
1214.078125,
0.0,
0.0,
0.0,
0.0,
0.0,
44.24760055541992,
0.0,
0.0,
196.87855529785156,
0.0,
0.0,
0.0,
0.0,
0.0,
0.0,
708.9691162109375,
2994.318359375,
0.0,
151.7949981689453,
2528.96826171875,
1621.6842041015625,
0.0,
0.0,
0.0,
0.0,
0.0,
0.0,
3566.438720703125,
0.0,
0.0,
0.0,
0.0,
128.53564453125,
0.0,
1.107219934463501,
0.0,
0.0,
0.0,
0.0,
0.0,
2369.13916015625,
764.169189453125,
0.0,
0.0,
0.0,
0.0,
2599.790771484375,
193.8404083251953,
0.0,
3808.191162109375,
0.0,
0.0,
0.0,
0.0,
0.0,
0.0,
0.0,
0.0,
1404.9012451171875,
396.9864196777344,
0.0,
158.04296875,
0.0,
0.0,
0.0,
516.6307983398438,
872.5202026367188,
0.0,
0.0,
58.323699951171875,
0.0,
0.0,
201.04234313964844,
124.50670623779297,
0.0,
0.0,
0.0,
162.6168975830078,
0.0,
0.0,
0.0,
0.0,
4975.46337890625,
553.101806640625,
0.0,
0.0,
2422.49560546875,
416.5971984863281,
0.0,
0.0,
0.0,
2299.011474609375,
354.6511535644531,
0.0,
0.0,
0.0,
0.0,
143.8196258544922,
304.40423583984375,
391.6806640625,
0.0,
0.0,
0.0,
0.0,
0.0,
1299.59423828125,
0.0,
2161.118408203125,
365.55712890625,
0.0,
0.0,
0.0,
0.0,
0.0,
0.0,
2726.0986328125,
0.0,
0.0,
0.0,
0.0,
407.200439453125,
0.0,
0.0,
0.0,
0.0,
0.0,
415.77386474609375,
0.0,
0.0,
907.0281982421875,
335.0135192871094,
0.0,
1858.67822265625,
195.4302215576172,
0.0,
469.5237121582031,
256.5226745605469,
1963.2066650390625,
303.82757568359375,
0.0,
0.0,
0.0,
0.0,
0.0,
0.0,
0.0,
0.0,
71.35653686523438,
0.0,
500.8158264160156,
2738.72900390625,
0.0,
3816.679443359375,
0.0,
0.0,
0.0,
0.0,
0.0,
0.0,
0.0,
321.8891906738281,
0.0,
0.0,
993.3538208007812,
0.0,
0.0,
0.0,
0.0,
0.0,
0.0,
26.085783004760742,
4995.5234375,
944.0225830078125,
0.0,
110.54902648925781,
63.4718132019043,
0.0,
0.0,
0.0,
174.7418975830078,
0.0,
0.0,
0.0,
372.01275634765625,
0.0,
0.0,
900.5451049804688,
0.0,
423.33380126953125,
0.0,
0.0,
0.0,
0.0,
0.0,
0.0,
4996.2578125,
0.0,
0.0,
295.3066101074219,
1263.71142578125,
0.0,
0.0,
0.0,
0.0,
0.0,
0.0,
0.0,
0.0,
951.1925048828125,
0.0,
0.0,
0.0,
0.0,
0.0,
0.0,
0.0,
0.0,
0.0,
0.0,
1150.0264892578125,
755.7255249023438,
0.0,
0.0,
0.0,
491.1188049316406,
638.3553466796875,
243.9486541748047,
0.0,
0.0,
566.0763549804688,
0.0,
0.0,
0.0,
559.8496704101562,
158.212158203125,
0.0,
328.78131103515625,
0.0,
633.361572265625,
0.0,
522.8873901367188,
0.0,
439.0303955078125,
188.65567016601562,
0.0,
0.0,
121.64855194091797,
289.8954772949219,
0.0,
0.0,
956.6641845703125,
0.0,
236.40467834472656,
2563.269775390625,
0.0,
0.0,
0.0,
0.0,
685.098876953125,
0.0,
0.0,
0.0,
0.0,
0.0,
0.0,
401.2380676269531,
644.5961303710938,
0.0,
1233.1529541015625,
0.0,
0.0,
0.0,
0.0,
3186.022705078125,
0.0,
0.0,
0.0,
0.0,
640.7516479492188,
0.0,
91.6655044555664,
0.0,
0.0,
0.0,
0.0,
0.0,
0.0,
0.0,
0.0,
906.2235717773438,
0.0,
175.5980224609375,
282.2319641113281,
306.80487060546875,
2647.786865234375,
28.23662567138672,
0.0,
0.0,
855.4412231445312,
0.0,
4998.36669921875,
0.0,
0.0,
783.6629638671875,
0.0,
0.0,
0.0,
0.0,
827.0764770507812,
0.0,
0.0,
4910.84521484375,
30.499832153320312,
0.0,
1778.9315185546875,
440.7002868652344,
0.0,
0.0,
1601.9075927734375,
0.0,
0.0,
0.0,
0.0,
0.0,
361.03546142578125,
0.0,
234.03005981445312,
0.0,
0.0,
0.0,
0.0,
0.0,
0.0,
65.07127380371094,
0.0,
0.0,
0.0,
0.0,
1678.7818603515625,
2119.562744140625,
0.0,
779.9047241210938,
145.6206817626953,
712.0768432617188,
0.0,
189.81500244140625,
263.92816162109375,
717.76611328125,
145.65158081054688,
0.0,
1379.4111328125,
344.6383361816406,
0.0,
84.81289672851562,
2195.062255859375,
0.0,
0.0,
0.0,
733.2938842773438,
0.0,
0.0,
0.0,
285.69073486328125,
0.0,
36.98348617553711,
0.0,
0.0,
986.187255859375,
0.0,
0.0,
281.45526123046875,
444.7883605957031,
167.48912048339844,
0.0,
208.47288513183594,
0.0,
0.0,
505.9789123535156,
268.41107177734375,
0.0,
231.7616729736328,
0.0,
1672.0887451171875,
0.0,
1436.4134521484375,
0.0,
779.6178588867188,
0.0,
0.0,
0.0,
0.0,
0.0,
0.0,
0.0,
0.0,
191.8140411376953,
0.0,
441.3470458984375,
2486.560302734375,
0.0,
0.0,
0.0,
0.0,
0.0,
203.13218688964844,
0.0,
196.83828735351562,
126.8215103149414,
62.269325256347656,
0.0,
0.0,
0.0,
297.5375671386719,
334.59808349609375,
0.0,
14.225777626037598,
1553.315673828125,
0.0,
4944.25634765625,
0.0,
0.0,
256.98101806640625,
208.478271484375,
0.0,
1277.76025390625,
0.0,
0.0,
314.4484558105469,
0.0,
2627.36767578125,
557.3680419921875,
0.0,
0.0,
0.0,
3094.145751953125,
0.0,
0.0,
1463.263427734375,
0.0,
0.0,
1051.6500244140625,
1309.2655029296875,
310.4858093261719,
0.0,
730.1292114257812,
0.0,
0.0,
905.5552978515625,
796.8905029296875,
765.7540893554688,
0.0,
806.5977783203125,
0.0,
83.35511779785156,
0.0,
0.0,
1193.6793212890625,
0.0,
0.0,
2040.2255859375,
24.729082107543945,
0.0,
3396.8916015625,
29.036964416503906,
0.0,
0.0,
0.0,
0.0,
0.0,
0.0,
0.0,
0.0,
0.0,
516.165283203125,
361.4067077636719,
0.0,
0.0,
4109.97705078125,
0.0,
231.5739288330078,
0.0,
0.0,
0.0,
0.0,
0.0,
4998.01611328125,
0.0,
0.0,
0.0,
0.0,
182.20156860351562,
487.5666809082031,
3.3885815143585205,
0.0,
0.0,
0.0,
0.0,
4994.86572265625,
0.0,
0.0,
337.45184326171875,
0.0,
0.0,
0.0,
875.7682495117188,
0.0,
0.0,
0.0,
0.0,
105.28559112548828,
0.0,
0.0,
0.0,
0.0,
0.0,
113.27630615234375,
4995.02880859375,
341.2471008300781,
0.0,
681.8258666992188,
2216.07666015625,
2100.834716796875,
0.0,
0.0,
0.0,
0.0,
0.0,
0.0,
0.0,
0.0,
4457.9423828125,
0.0,
0.0,
0.0,
0.0,
0.0,
448.3445129394531,
0.0,
1424.0177001953125,
0.0,
0.0,
3268.605224609375,
0.0,
3412.490966796875,
0.0,
0.0,
0.0,
688.5792846679688,
0.0,
1853.9088134765625,
0.0,
0.0,
0.0,
0.0,
361.2322082519531,
0.0,
172.40216064453125,
0.0,
0.0,
892.56591796875,
1141.6641845703125,
897.0767211914062,
543.275390625,
0.0,
0.0,
52.05113220214844,
853.9561157226562,
1322.345947265625,
521.015625,
722.3170166015625,
0.0,
0.0,
0.0,
0.0,
0.0,
0.0,
0.0,
87.46537780761719,
0.0,
421.31304931640625,
0.0,
583.4177856445312,
0.0,
0.0,
493.5273132324219,
0.0,
0.0,
0.0,
0.0,
0.0,
1422.333740234375,
0.0,
0.0,
0.0,
0.0,
52.23091506958008,
0.0,
0.0,
411.6643981933594,
0.0,
0.0,
0.0,
0.0,
0.0,
448.6998596191406,
0.0,
0.0,
0.0,
884.0086669921875,
0.0,
0.0,
0.0,
0.0,
692.0693969726562,
523.91650390625,
0.0,
962.6094970703125,
4996.9150390625,
0.0,
2407.400634765625,
0.0,
443.5205383300781,
0.0,
717.4381103515625,
0.0,
0.0,
0.0,
0.0,
258.2283630371094,
0.0,
0.0,
0.0,
0.0,
158.50245666503906,
0.0,
0.0,
815.4564819335938,
0.0,
884.407958984375,
0.0,
80.24598693847656,
351.38629150390625,
0.0,
0.0,
0.0,
0.0,
0.0,
179.74005126953125,
0.0,
0.0,
0.0,
736.1880493164062,
207.4581298828125,
0.0,
580.392822265625,
851.0726318359375,
0.0,
0.0,
0.0,
0.0,
299.0592041015625,
1131.7239990234375,
143.83580017089844,
0.0,
0.0,
132.8306121826172,
0.0,
4994.7216796875,
0.0,
0.0,
0.0,
121.28273010253906,
1563.0576171875,
128.15565490722656,
2569.258544921875,
0.0,
0.0,
1160.28857421875,
1421.4163818359375,
0.0,
0.0,
0.0,
0.0,
0.0,
1727.4208984375,
0.0,
226.6880340576172,
193.33848571777344,
807.7095947265625,
0.0,
0.0,
865.8261108398438,
528.0262451171875,
0.0,
54.43927764892578,
0.0,
2366.404541015625,
0.0,
496.23388671875,
284.56048583984375,
0.0,
0.0,
1000.1756591796875,
787.8052368164062,
406.9372863769531,
3549.51513671875,
0.0,
139.08837890625,
0.0,
532.555419921875,
0.0,
0.0,
416.06549072265625,
0.0,
796.024169921875,
0.0,
246.64739990234375,
0.0,
0.0,
0.0,
0.0,
0.0,
51.524688720703125,
392.84893798828125,
524.5979614257812,
916.9859008789062,
0.0,
947.2911376953125,
0.0,
290.2867126464844,
591.8746337890625,
410.54638671875,
1839.27197265625,
0.0,
0.0,
0.0,
0.0,
2670.189697265625,
528.3866577148438,
0.0,
0.0,
150.88812255859375,
0.0,
0.0,
0.0,
0.0,
0.0,
0.0,
4027.912109375,
0.0,
1013.3517456054688,
0.0,
0.0,
0.0,
946.3519287109375,
0.0,
0.0,
0.0,
0.0,
0.0,
0.0,
0.0,
622.3497924804688,
0.0,
0.0,
2793.19384765625,
0.0,
0.0,
0.0,
86.7925796508789,
0.0,
648.381103515625,
0.0,
1827.8626708984375,
0.0,
1780.18115234375,
226.5113067626953,
489.8350830078125,
0.0,
0.0,
0.0,
0.0,
0.0,
2816.7802734375,
76.85553741455078,
0.0,
0.0,
0.0,
0.0,
281.333740234375,
0.0,
411.9680480957031,
0.0,
261.5535583496094,
0.0,
0.0,
515.6080932617188,
0.0,
0.0,
0.0,
0.0,
0.0,
439.9756774902344,
855.7084350585938,
0.0,
0.0,
359.52069091796875,
0.0,
0.0,
829.7249145507812,
0.0,
0.0,
531.9515991210938,
0.0,
0.0,
0.0,
34.975921630859375,
240.0274658203125,
0.0,
0.0,
30.40199851989746,
0.0,
0.0,
0.0,
0.0,
0.0,
0.0,
0.0,
0.0,
0.0,
0.0,
0.0,
832.1459350585938,
0.0,
0.0,
0.0,
0.0,
0.0,
0.0,
0.0,
516.65087890625,
226.85511779785156,
0.0,
0.0,
180.8450927734375,
0.0,
0.0,
1303.5401611328125,
0.0,
0.0,
0.0,
0.0,
475.7413635253906,
0.0,
0.0,
0.0,
0.0,
0.0,
0.0,
1173.69970703125,
0.0,
0.0,
0.0,
0.0,
0.0,
0.0,
0.0,
0.0,
0.0,
0.0,
0.0,
0.0,
0.0,
0.0,
3424.809814453125,
480.5784912109375,
0.0,
0.0,
2032.7064208984375,
2567.303466796875,
0.0,
1591.1131591796875,
0.0,
340.9264221191406,
114.28356170654297,
2694.884765625,
0.0,
0.0,
0.0,
0.0,
0.0,
124.5638656616211,
0.0,
0.0,
0.0,
1163.075927734375,
4987.54638671875,
0.0,
0.0,
366.0678405761719,
0.0,
0.0,
0.0,
1130.6817626953125,
0.0,
1782.1656494140625,
0.0,
0.0,
338.1207580566406,
300.1468811035156,
997.7388916015625,
0.0,
724.6731567382812,
0.0,
0.0,
141.53070068359375,
0.0,
0.0,
0.0,
219.8677520751953,
422.5346984863281,
0.0,
0.0,
2622.391357421875,
0.0,
0.0,
0.0,
0.0,
0.0,
0.0,
0.0,
0.0,
0.0,
900.57470703125,
0.0,
0.0,
0.0,
471.40185546875,
0.0,
373.7308044433594,
0.0,
0.0,
359.78564453125,
0.0,
295.8973083496094,
0.0,
0.0,
217.0297393798828,
330.54864501953125,
0.0,
0.0,
449.8916320800781,
0.0,
0.0,
0.0,
0.0,
655.2098388671875,
0.0,
0.0,
3.3229727745056152,
709.5509033203125,
0.0,
445.8193664550781,
0.0,
199.22314453125,
50.44318771362305,
0.0,
0.0,
0.0,
0.0,
0.0,
0.0,
0.0,
0.0,
175.86778259277344,
0.0,
0.0,
0.0,
0.0,
0.0,
0.0,
0.0,
0.0,
0.0,
0.0,
2486.623046875,
58.818782806396484,
0.0,
0.0,
0.0,
0.0,
172.11463928222656,
897.4033203125,
0.0,
313.5180358886719,
0.0,
0.0,
183.62481689453125,
0.0,
0.0,
309.49176025390625,
0.0,
0.0,
0.0,
0.0,
886.1201171875,
0.0,
274.5193786621094,
0.0,
0.0,
0.0,
368.4195556640625,
0.0,
0.0,
0.0,
346.88311767578125,
0.0,
0.0,
0.0,
0.0,
0.0,
808.8031005859375,
0.0,
719.290283203125,
0.0,
0.0,
0.0,
0.0,
226.6416473388672,
0.0,
1001.5447387695312,
0.0,
0.0,
0.0,
1655.253173828125,
4875.02001953125,
92.03009796142578,
0.0,
0.0,
427.2873840332031,
0.0,
0.0,
0.0,
49.45298385620117,
1028.622802734375,
0.0,
1315.046875,
103.37793731689453,
0.0,
0.0,
401.0905456542969,
0.0,
0.0,
0.0,
0.0,
137.5395050048828,
0.0,
361.6307678222656,
1485.747802734375,
3500.242919921875,
0.0,
0.0,
388.0122375488281,
0.0,
1494.8343505859375,
0.0,
0.0,
0.0,
203.38833618164062,
0.0,
0.0,
0.0,
0.0,
0.0,
0.0,
0.0,
0.0,
256.09942626953125,
0.0,
0.0,
0.0,
0.0,
0.0,
0.0,
371.2757263183594,
0.0,
0.0,
0.0,
0.0,
0.0,
0.0,
0.0,
0.0,
0.0,
494.0182189941406,
0.0,
193.82887268066406,
0.0,
411.5575866699219,
0.0,
67.57170104980469,
0.0,
0.0,
705.8992309570312,
0.0,
0.0,
4978.87353515625,
0.0,
0.0,
0.0,
0.0,
0.0,
2130.976806640625,
283.1521301269531,
249.45753479003906,
339.4618835449219,
1277.0030517578125,
0.0,
562.51953125,
151.99551391601562,
278.6859436035156,
501.3210754394531,
0.0,
0.0,
33.33928680419922,
0.0,
296.0184326171875,
0.0,
0.0,
0.0,
0.0,
0.0,
0.0,
0.0,
0.0,
0.0,
0.0,
0.0,
0.0,
0.0,
0.0,
0.0,
0.0,
3317.22509765625,
0.0,
0.0,
0.0,
0.0,
0.0,
0.0,
534.0089721679688,
277.7090759277344,
240.0885009765625,
0.0,
4567.40869140625,
0.0,
0.0,
606.5098266601562,
0.0,
0.0,
29.061656951904297,
2442.56201171875,
0.0,
0.0,
0.0,
0.0,
0.0,
205.8549346923828,
323.3551025390625,
318.4118347167969,
279.3194885253906,
3060.34765625,
506.8056640625,
0.0,
255.29736328125,
482.5521545410156,
0.0,
0.0,
0.0,
107.59171295166016,
2492.576416015625,
0.0,
202.26707458496094,
984.0391845703125,
0.0,
0.0,
649.9210815429688,
151.3594207763672,
0.0,
0.0,
0.0,
0.0,
0.0,
0.0,
0.0,
219.9862060546875,
2160.4619140625,
0.0,
0.0,
0.0,
314.7221984863281,
0.0,
0.0,
1226.982421875,
276.9195251464844,
1950.2252197265625,
71.91291809082031,
0.0,
0.0,
0.0,
1201.8060302734375,
669.9539184570312,
0.0,
0.0,
0.0,
0.0,
0.0,
0.0,
0.0,
681.4706420898438,
655.2313232421875,
349.5049743652344,
863.1223754882812,
0.0,
0.0,
2237.123291015625,
0.0,
853.0882568359375,
0.0,
3718.438232421875,
716.251220703125,
0.0,
0.0,
3705.6689453125,
0.0,
0.0,
0.0,
0.0,
0.0,
0.0,
0.0,
0.0,
0.0,
0.0,
0.0,
0.0,
0.0,
0.0,
0.0,
4.202643871307373,
0.0,
0.0,
0.0,
0.0,
0.0,
0.0,
2262.785888671875,
0.0,
0.0,
938.2811279296875,
244.21490478515625,
0.0,
0.0,
0.0,
93.85049438476562,
0.0,
0.0,
0.0,
0.0,
0.0,
0.0,
270.0719909667969,
0.0,
0.0,
0.0,
0.0,
0.0,
1304.007080078125,
504.09844970703125,
0.0,
0.0,
1430.831298828125,
0.0,
0.0,
0.0,
288.44390869140625,
526.8096923828125,
1198.1885986328125,
0.0,
0.0,
0.0,
0.0,
0.0,
3023.44140625,
0.0,
0.0,
565.3010864257812,
64.58271789550781,
205.4458465576172,
0.0,
0.0,
0.0,
151.4297637939453,
0.0,
0.0,
0.0,
0.0,
0.0,
0.0,
0.0,
0.0,
978.615478515625,
0.0,
0.0,
0.0,
0.0,
0.0,
0.0,
0.0,
0.0,
0.0,
0.0,
351.5021667480469,
1416.1112060546875,
0.0,
0.0,
0.0,
0.0,
0.0,
0.0,
0.0,
0.0,
769.608154296875,
0.0,
0.0,
0.0,
119.99945831298828,
0.0,
0.0,
0.0,
0.0,
0.0,
0.0,
0.0,
0.0,
0.0,
0.0,
509.3423156738281,
0.0,
255.6537322998047,
0.0,
0.0,
0.0,
0.0,
0.0,
0.08136072754859924,
0.0,
210.9331817626953,
0.0,
681.0653076171875,
0.0,
719.3518676757812,
2052.787841796875,
0.0,
0.0,
567.1909790039062,
33.112239837646484,
741.264404296875,
628.2654418945312,
1198.6072998046875,
0.0,
0.0,
230.8155517578125,
873.1909790039062,
0.0,
0.0,
0.0,
873.9202270507812,
0.0,
500.23297119140625,
1677.8428955078125,
1831.3355712890625,
651.050537109375,
468.5581970214844,
0.0,
0.0,
1812.6256103515625,
1440.9228515625,
0.0,
0.0,
1151.5826416015625,
0.0,
754.9606323242188,
4995.24951171875,
0.0,
0.0,
172.8786163330078,
0.0,
0.0,
0.0,
0.0,
2406.9033203125,
0.0,
0.0,
0.0,
188.75759887695312,
712.6670532226562,
283.3396911621094,
1224.395263671875,
101.59090423583984,
1822.781982421875,
0.0,
0.0,
0.0,
274.4624328613281,
2319.233642578125,
0.0,
0.0,
0.0,
95.26861572265625,
0.0,
0.0,
0.0,
0.0,
127.00082397460938,
77.40943145751953,
722.5485229492188,
0.0,
800.7559204101562,
0.0,
0.0,
0.0,
0.0,
0.0,
0.0,
0.0,
0.0,
49.94859313964844,
373.7391052246094,
4985.94580078125,
0.0,
2925.333984375,
0.0,
0.0,
0.0,
0.0,
0.0,
0.0,
0.0,
0.0,
301.1258544921875,
0.0,
0.0,
0.0,
0.0,
0.0,
0.0,
0.0,
0.0,
96.28564453125,
0.0,
642.6395874023438,
0.0,
237.14285278320312,
0.0,
0.0,
4954.96533203125,
296.4486999511719,
757.4429321289062,
1640.4395751953125,
89.50477600097656,
0.0,
0.0,
611.484619140625,
0.0,
0.0,
0.0,
0.0,
0.0,
208.55882263183594,
0.0,
0.0,
0.0,
0.0,
1814.0821533203125,
0.0,
0.0,
0.0,
1573.6925048828125,
0.0,
0.0,
0.0,
0.0,
412.9140930175781,
0.0,
0.0,
0.0,
0.0,
0.0,
963.4810791015625,
0.0,
0.0,
1322.2376708984375,
3322.41064453125,
0.0,
1560.2371826171875,
0.0,
356.9515075683594,
208.695556640625,
0.0,
970.670654296875,
123.90896606445312,
0.0,
0.0,
0.0,
2409.811767578125,
304.17852783203125,
0.0,
0.0,
956.8265991210938,
215.24940490722656,
0.0,
0.0,
0.0,
755.0070190429688,
0.0,
0.0,
0.0,
0.0,
165.03945922851562,
0.0,
4714.58642578125,
0.0,
0.0,
1863.828125,
0.0,
0.0,
0.0,
0.0,
0.0,
0.0,
0.0,
372.59259033203125,
407.6230773925781,
0.0,
0.0,
0.0,
0.0,
315.329833984375,
0.0,
0.0,
0.0,
0.0,
0.0,
0.0,
2770.15869140625,
0.0,
0.0,
0.0,
0.0,
0.0,
371.7982177734375,
51.11244583129883,
0.0,
0.0,
377.3897705078125,
0.0,
0.0,
2230.578857421875,
0.0,
0.0,
492.75006103515625,
0.0,
0.0,
0.0,
781.6231079101562,
96.52926635742188,
0.0,
0.0,
450.52130126953125,
0.0,
0.0,
0.0,
105.44175720214844,
0.0,
375.6634521484375,
1106.5521240234375,
0.0,
0.0,
118.25843811035156,
318.2745056152344,
0.0,
0.0,
390.41021728515625,
0.0,
0.0,
445.5552673339844,
0.0,
0.0,
0.0,
0.0,
0.0,
1941.5989990234375,
0.0,
0.0,
549.453369140625,
4266.32080078125,
0.0,
2024.1416015625,
225.0970916748047,
0.0,
0.0,
0.0,
0.0,
0.0,
0.0,
4.190300464630127,
0.0,
0.0,
0.0,
2186.0126953125,
1013.1389770507812,
0.0,
0.0,
490.63641357421875,
0.0,
617.9470825195312,
0.0,
540.3099365234375,
276.5879211425781,
4964.52587890625,
0.0,
712.56201171875,
0.0,
677.6635131835938,
0.0,
0.0,
0.0,
748.9436645507812,
0.0,
0.0,
0.0,
54.19975662231445,
1269.0753173828125,
0.0,
0.0,
0.0,
0.0,
144.54087829589844,
0.0,
358.3983154296875,
0.0,
241.93882751464844,
0.0,
0.0,
0.0,
0.0,
0.0,
61.0494384765625,
0.0,
0.0,
886.105712890625,
0.0,
0.0,
0.0,
1511.4586181640625,
0.0,
161.67666625976562,
1949.8365478515625,
0.0,
0.0,
3346.777587890625,
0.0,
0.0,
0.0,
1806.3634033203125,
0.0,
360.1927185058594,
0.0,
230.16281127929688,
413.1678161621094,
0.0,
0.0,
0.0,
0.0,
0.0,
602.8978881835938,
0.0,
0.0,
0.0,
45.039459228515625,
0.0,
0.0,
0.0,
0.0,
227.6763916015625,
0.0,
0.0,
205.28561401367188,
0.0,
0.0,
766.6260375976562,
6.783137321472168,
298.3141784667969,
0.0,
0.0,
0.0,
0.0,
0.0,
0.0,
807.91064453125,
43.55963897705078,
0.0,
0.0,
1066.5269775390625,
0.0,
81.58789825439453,
1500.609375,
996.9887084960938,
0.0,
620.2664184570312,
0.0,
0.0,
768.5923461914062,
0.0,
0.0,
1952.6971435546875,
542.043212890625,
0.0,
500.6647033691406,
773.52978515625,
0.0,
0.0,
1534.277099609375,
532.1787109375,
369.6422424316406,
0.0,
0.0,
0.0,
0.0,
445.72015380859375,
0.0,
0.0,
337.4448547363281,
0.0,
527.05517578125,
0.0,
501.61639404296875,
657.0807495117188,
0.0,
0.0,
0.0,
0.0,
0.0,
0.0,
168.70779418945312,
0.0,
0.0,
255.17491149902344,
0.0,
123.98428344726562,
223.8777313232422,
468.3215026855469,
302.99822998046875,
0.0,
0.0,
0.0,
0.0,
0.0,
1587.881103515625,
0.0,
0.0,
0.0,
0.0,
0.0,
0.0,
0.0,
0.0,
0.0,
0.0,
877.81396484375,
0.0,
687.9902954101562,
1228.74951171875,
0.0,
0.0,
0.0,
242.24624633789062,
0.0,
0.0,
0.0,
0.0,
0.0,
0.0,
0.0,
0.0,
0.0,
922.1029663085938,
0.0,
0.0,
0.0,
0.0,
0.0,
0.0,
0.0,
238.3822784423828,
0.0,
0.0,
0.0,
559.085693359375,
0.0,
370.6449890136719,
0.0,
77.07474517822266,
903.0905151367188,
0.0,
373.7010498046875,
0.0,
34.2078742980957,
0.0,
0.0,
305.00909423828125,
773.551513671875,
0.0,
0.0,
0.0,
0.0,
1408.581787109375,
99.72874450683594,
0.0,
0.0,
0.0,
0.0,
0.0,
0.0,
0.0,
0.0,
0.0,
1133.872314453125,
1575.6385498046875,
0.0,
3459.661376953125,
2132.065185546875,
0.0,
202.8096923828125,
863.5640258789062,
0.0,
0.0,
0.0,
0.0,
0.0,
0.0,
0.0,
0.0,
69.83438873291016,
0.0,
0.0,
0.0,
1138.6680908203125,
279.39208984375,
0.0,
0.0,
0.0,
0.0,
0.0,
2202.2099609375,
0.0,
0.0,
380.1598205566406,
0.0,
0.0,
2907.598388671875,
0.0,
0.0,
280.7979431152344,
0.0,
0.0,
422.9507751464844,
0.0,
0.0,
0.0,
0.0,
432.71624755859375,
0.0,
0.0,
254.7351837158203,
0.0,
0.0,
0.0,
89.21072387695312,
0.0,
293.354248046875,
285.4698791503906,
0.0,
0.0,
0.0,
0.0,
0.0,
1021.83056640625,
0.0,
0.0,
794.3980102539062,
0.0,
0.0,
0.0,
0.0,
1668.429931640625,
0.0,
0.0,
160.4785614013672,
0.0,
0.0,
0.0,
0.0,
0.0,
0.0,
0.0,
0.0,
0.0,
0.0,
0.0,
0.0,
0.0,
0.0,
0.0,
197.3047637939453,
0.0,
76.42723083496094,
114.8014907836914,
714.2245483398438,
0.0,
0.0,
0.0,
0.0,
0.0,
0.0,
0.0,
64.45792388916016,
0.0,
0.0,
1801.7344970703125,
0.0,
100.68866729736328,
342.118896484375,
770.9925537109375,
0.0,
894.379150390625,
0.0,
0.0,
0.0,
0.0,
0.0,
143.7570343017578,
0.0,
0.0,
0.0,
0.0,
0.0,
1581.6251220703125,
623.3843383789062,
880.5995483398438,
0.0,
0.0,
274.7707824707031,
0.0,
1301.3128662109375,
0.0,
0.0,
0.0,
343.10430908203125,
0.0,
0.0,
0.0,
1546.34765625,
0.0,
0.0,
0.0,
0.0,
0.0,
0.0,
0.0,
0.0,
0.0,
0.0,
587.2539672851562,
0.0,
1661.0567626953125,
947.4254760742188,
0.0,
0.0,
0.0,
287.9486083984375,
0.0,
0.0,
1219.88671875,
0.0,
0.0,
0.0,
0.0,
132.4471435546875,
255.6298828125,
0.0,
0.0,
0.0,
0.0,
938.8929443359375,
0.0,
727.9790649414062,
0.0,
91.34766387939453,
0.0,
171.83689880371094,
0.0,
0.0,
0.0,
0.0,
0.0,
0.0,
0.0,
0.0,
0.0,
0.0,
0.0,
538.7130737304688,
0.0,
0.0,
0.0,
0.0,
340.0212707519531,
0.0,
515.0182495117188,
0.0,
1608.0025634765625,
0.0,
0.0,
2120.9892578125,
61.70078659057617,
0.0,
0.0,
0.0,
1625.6793212890625,
459.2623291015625,
0.0,
105.09308624267578,
1049.0101318359375,
1891.52587890625,
0.0,
0.0,
0.0,
383.1626281738281,
2582.541259765625,
0.0,
1229.9805908203125,
0.0,
427.6543884277344,
542.9273681640625,
0.0,
1895.67919921875,
0.0,
548.9070434570312,
0.0,
0.0,
4995.490234375,
0.0,
1241.160888671875,
0.0,
0.0,
1610.61279296875,
110.44803619384766,
272.4186096191406,
679.3108520507812,
0.0,
344.4749450683594,
0.0,
311.7081298828125,
417.97515869140625,
22.757110595703125,
0.0,
0.0,
454.3513488769531,
0.0,
0.0,
0.0,
0.0,
0.0,
0.0,
0.0,
0.0,
0.0,
4999.984375,
1547.3304443359375,
33.88294219970703,
494.8685302734375,
0.0,
0.0,
0.0,
0.0,
0.0,
761.75390625,
0.0,
519.7041625976562,
284.3818664550781,
2054.333251953125,
490.69207763671875,
0.0,
0.0,
0.0,
63.935028076171875,
0.0,
0.0,
0.0,
0.0,
0.0,
914.4326171875,
0.0,
2522.352783203125,
3205.71337890625,
0.0,
0.0,
0.0,
0.0,
951.599853515625,
806.0772705078125,
76.32887268066406,
0.0,
0.0,
0.0,
150.2289581298828,
1666.657470703125,
0.0,
176.29034423828125,
0.0,
0.0,
399.3502502441406,
174.81553649902344,
0.0,
0.0,
0.0,
441.3009033203125,
186.60682678222656,
183.4298553466797,
0.0,
0.0,
0.0,
0.0,
0.0,
0.0,
0.0,
0.0,
970.377685546875,
227.71617126464844,
0.0,
0.0,
232.53646850585938,
9.929581642150879,
0.0,
0.0,
0.0,
381.6057434082031,
0.0,
0.0,
0.0,
2880.7265625,
0.0,
512.0759887695312,
0.0,
0.0,
30.277923583984375,
95.84258270263672,
0.0,
739.8051147460938,
4977.7294921875,
506.9989929199219,
0.0,
0.0,
0.0,
584.8873901367188,
0.0,
0.0,
0.0,
0.0,
521.9976806640625,
3178.291259765625,
0.0,
0.0,
0.0,
0.0,
4997.68994140625,
883.0784301757812,
0.0,
261.46954345703125,
0.0,
779.297607421875,
0.0,
0.0,
0.0,
749.5811767578125,
65.53961944580078,
0.0,
0.0,
0.0,
0.0,
0.0,
0.0,
573.5909423828125,
0.0,
0.0,
0.0,
2958.32958984375,
774.337158203125,
511.9691467285156,
0.0,
0.0,
285.70135498046875,
0.0,
0.0,
0.0,
0.0,
0.0,
1522.8189697265625,
0.0,
0.0,
0.0,
250.37474060058594,
0.0,
0.0,
1282.976806640625,
0.0,
0.0,
0.0,
0.0,
0.0,
0.0,
843.6197509765625,
0.0,
0.0,
601.1638793945312,
608.6655883789062,
0.0,
0.0,
92.16089630126953,
0.0,
0.0,
0.0,
0.0,
0.0,
0.0,
0.0,
0.0,
0.0,
0.0,
0.0,
0.0,
0.0,
0.0,
0.0,
0.0,
4977.9638671875,
600.7446899414062,
0.0,
0.0,
0.0,
0.0,
0.0,
0.0,
0.0,
0.0,
0.0,
799.3204345703125,
0.0,
0.0,
0.0,
0.0,
0.0,
874.0496215820312,
339.3995056152344,
0.0,
0.0,
0.0,
0.0,
176.458251953125,
0.0,
691.2354125976562,
267.12713623046875,
333.8539733886719,
375.4769287109375,
0.0,
0.0,
0.0,
0.0,
0.0,
0.0,
0.0,
0.0,
465.60772705078125,
0.0,
0.0,
299.0782775878906,
0.0,
0.0,
0.0,
832.19140625,
1012.1610107421875,
0.0,
0.0,
0.0,
0.0,
0.0,
351.2396545410156,
0.0,
0.0,
0.0,
0.0,
0.0,
0.0,
0.0,
240.52944946289062,
0.0,
0.0,
0.0,
341.63421630859375,
0.0,
0.0,
0.0,
0.0,
0.0,
2930.1787109375,
352.54119873046875,
553.6029052734375,
0.0,
0.0,
0.0,
852.4401245117188,
0.0,
0.0,
0.0,
0.0,
0.0,
0.0,
0.0,
0.0,
1286.9801025390625,
0.0,
144.32521057128906,
0.0,
0.0,
0.0,
718.0745239257812,
0.0,
278.6820068359375,
0.0,
0.0,
0.0,
0.0,
0.0,
0.0,
0.0,
0.0,
0.0,
0.0,
280.6956787109375,
0.0,
237.79173278808594,
0.0,
0.9396735429763794,
329.5596618652344,
0.0,
0.0,
0.0,
0.0,
0.0,
0.0,
0.0,
0.0,
2044.698974609375,
0.0,
331.6474304199219,
0.0,
0.0,
574.8170166015625,
0.0,
0.0,
0.0,
0.0,
0.0,
844.96044921875,
0.0,
0.0,
0.0,
0.0,
36.6439208984375,
0.0,
825.259765625,
93.7729721069336,
0.0,
0.0,
0.0,
0.0,
0.0,
0.0,
0.0,
0.0,
0.0,
0.0,
563.5712890625,
0.0,
4981.615234375,
265.8319396972656,
0.0,
0.0,
714.452880859375,
0.0,
0.0,
1233.405029296875,
780.87060546875,
0.0,
0.0,
0.0,
0.0,
0.0,
0.0,
0.0,
0.0,
491.737060546875,
0.0,
1543.7086181640625,
837.6821899414062,
0.0,
0.0,
0.0,
0.0,
0.0,
0.0,
0.0,
587.360107421875,
0.0,
0.0,
0.0,
0.0,
856.8894653320312,
0.0,
890.9027709960938,
417.5682373046875,
523.016845703125,
191.55078125,
0.0,
0.0,
0.0,
746.3224487304688,
545.1841430664062,
0.0,
0.0,
276.89654541015625,
0.0,
0.0,
0.0,
2061.42724609375,
0.0,
0.0,
0.0,
0.0,
0.0,
0.0,
0.0,
0.0,
0.0,
0.0,
0.0,
0.0,
88.79373931884766,
0.0,
0.0,
0.0,
252.660400390625,
0.0,
0.0,
3319.483642578125,
170.02395629882812,
0.0,
0.0,
581.3143920898438,
202.64892578125,
771.1898803710938,
0.0,
0.0,
0.0,
0.0,
248.33682250976562,
0.0,
0.0,
0.0,
0.0,
0.0,
0.0,
0.0,
0.0,
0.0,
313.9995422363281,
0.0,
0.0,
0.0,
0.0,
0.0,
0.0,
0.0,
1262.6412353515625,
0.0,
0.0,
0.0,
0.0,
0.0,
0.0,
233.73895263671875,
0.0,
223.53836059570312,
408.1329040527344,
0.0,
278.8749084472656,
0.0,
0.0,
0.0,
0.0,
0.0,
1868.8822021484375,
737.928466796875,
343.6715393066406,
0.0,
191.50308227539062,
0.0,
0.0,
320.4444274902344,
0.0,
912.3380126953125,
1072.926513671875,
0.0,
0.0,
0.0,
0.0,
816.4486083984375,
0.0,
0.0,
0.0,
435.8148498535156,
0.0,
0.0,
309.9709777832031,
199.86245727539062,
0.0,
0.0,
687.2307739257812,
0.0,
0.0,
0.0,
0.0,
686.8992309570312,
1797.0557861328125,
0.0,
0.0,
0.0,
0.0,
186.0404815673828,
2282.066650390625,
0.0,
369.0389099121094,
0.0,
0.0,
0.0,
4361.87548828125,
0.0,
0.0,
0.0,
0.0,
0.0,
0.0,
514.1107177734375,
0.0,
380.373779296875,
0.0,
0.0,
140.7331085205078,
0.0,
0.0,
0.0,
0.0,
29.052621841430664,
0.0,
99.6379623413086,
0.0,
377.45147705078125,
0.0,
0.0,
0.0,
0.0,
302.7541198730469,
0.0,
0.0,
4278.275390625,
1487.28271484375,
0.0,
291.0665283203125,
0.0,
0.0,
0.0,
818.4337158203125,
0.0,
0.0,
1584.1778564453125,
0.3857787549495697,
192.3411407470703,
0.0,
131.70758056640625,
0.0,
0.0,
529.6754150390625,
0.0,
248.95846557617188,
2597.996826171875,
0.0,
0.0,
0.0,
0.0,
769.2130737304688,
0.0,
0.0,
0.0,
2337.6240234375,
538.46337890625,
0.0,
4980.9873046875,
319.46807861328125,
0.0,
0.0,
0.0,
0.0,
0.0,
0.0,
0.0,
0.0,
0.0,
246.95452880859375,
0.0,
338.5770568847656,
445.58599853515625,
465.00311279296875,
0.0,
0.0,
0.0,
845.0955200195312,
400.8320007324219,
223.20706176757812,
0.0,
0.0,
0.0,
0.0,
0.0,
1941.1951904296875,
0.0,
0.0,
59.47084045410156,
225.37091064453125,
0.0,
456.8171691894531,
0.0,
201.7826385498047,
367.3892517089844,
0.0,
0.0,
69.02291870117188,
106.94743347167969,
0.0,
0.0,
0.0,
1093.152587890625,
452.20111083984375,
0.0,
0.0,
30.47416877746582,
0.0,
0.0,
0.0,
0.0,
0.0,
0.0,
0.0,
0.0,
0.0,
0.0,
0.0,
0.0,
0.0,
1288.9620361328125,
67.69308471679688,
0.0,
0.0,
1106.233642578125,
309.835693359375,
0.0,
1532.3651123046875,
0.0,
0.0,
0.0,
0.0,
0.0,
0.0,
69.47420501708984,
420.6827392578125,
0.0,
0.0,
0.0,
0.0,
0.0,
0.0,
0.0,
0.0,
0.0,
0.0,
48.29008102416992,
0.0,
0.0,
0.0,
0.0,
3132.86474609375,
0.0,
270.1221923828125,
0.0,
0.0,
0.0,
2988.5849609375,
0.0,
0.0,
0.0,
0.0,
2821.192138671875,
239.99212646484375,
0.0,
0.0,
0.0,
0.0,
0.0,
0.0,
0.0,
0.0,
0.0,
0.0,
0.0,
722.66015625,
244.3665008544922,
0.0,
0.0,
145.8183135986328,
0.0,
0.0,
0.0,
0.0,
0.0,
415.51727294921875,
0.0,
0.0,
0.0,
288.8005065917969,
0.0,
0.0,
1296.9154052734375,
0.0,
0.0,
979.72509765625,
0.0,
0.0,
15.613916397094727,
669.9562377929688,
605.2819213867188,
0.0,
239.49427795410156,
0.0,
0.0,
323.68609619140625,
0.0,
0.0,
0.0,
0.0,
156.00851440429688,
0.0,
2051.008544921875,
0.0,
1322.863037109375,
0.0,
0.0,
0.0,
0.0,
0.0,
0.0,
670.04736328125,
179.36476135253906,
0.0,
400.1052551269531,
0.0,
0.0,
168.482666015625,
275.20587158203125,
79.556884765625,
85.05927276611328,
744.4706420898438,
0.0,
0.0,
0.0,
0.0,
0.0,
72.07523345947266,
0.0,
0.0,
0.0,
2699.169677734375,
734.48095703125,
0.0,
0.0,
0.0,
283.04144287109375,
129.10020446777344,
0.0,
0.0,
0.0,
0.0,
0.0,
0.0,
0.0,
0.0,
112.49881744384766,
0.0,
0.0,
0.0,
0.0,
399.39202880859375,
68.14444732666016,
501.4132995605469,
0.0,
369.7994384765625,
0.0,
0.0,
375.79290771484375,
723.7611694335938,
1460.4993896484375,
34.945037841796875,
0.0,
1296.0545654296875,
0.0,
0.0,
1475.5694580078125,
0.0,
0.0,
0.0,
0.0,
0.0,
0.0,
0.0,
0.0,
275.14093017578125,
0.0,
0.0,
0.0,
0.0,
590.1970825195312,
722.2279052734375,
46.42494201660156,
0.0,
0.0,
0.0,
3247.11376953125,
0.0,
0.0,
632.4343872070312,
0.0,
0.0,
193.86927795410156,
0.0,
0.0,
0.0,
0.0,
0.0,
0.0,
0.0,
0.0,
301.0968322753906,
0.0,
0.0,
0.0,
0.0,
0.0,
140.02401733398438,
0.0,
1002.572998046875,
0.0,
12.310091972351074,
0.0,
0.0,
0.0,
3693.764892578125,
0.0,
0.0,
371.38037109375,
0.0,
0.0,
0.0,
0.0,
196.2491455078125,
0.0,
524.669189453125,
0.0,
4998.89599609375,
0.0,
231.63543701171875,
0.0,
0.0,
0.0,
498.94964599609375,
372.1629638671875,
0.0,
0.0,
0.0,
316.8849792480469,
0.0,
591.4143676757812,
0.0,
0.0,
0.0,
0.0,
0.0,
0.0,
288.5740051269531,
0.0,
0.0,
517.890869140625,
796.4822998046875,
0.0,
0.0,
0.0,
716.75244140625,
1033.51318359375,
166.71702575683594,
0.0,
0.0,
4995.375,
438.37237548828125,
1964.196044921875,
0.0,
0.0,
0.0,
0.0,
870.8789672851562,
0.0,
0.0,
0.0,
660.4663696289062,
1141.2735595703125,
0.0,
0.0,
200.7191162109375,
0.0,
0.0,
492.07318115234375,
0.0,
0.0,
0.0,
0.0,
0.0,
90.90581512451172,
667.174560546875,
0.0,
266.5860290527344,
448.3747253417969,
41.118221282958984,
0.0,
712.402099609375,
0.0,
0.0,
0.0,
0.0,
3105.09423828125,
0.0,
0.0,
731.403076171875,
0.0,
302.4219970703125,
267.29913330078125,
0.0,
66.79044342041016,
0.0,
0.0,
0.0,
0.0,
0.0,
0.0,
0.0,
3243.728515625,
86.13636779785156,
440.9517822265625,
0.0,
2051.211181640625,
0.0,
0.0,
313.2439270019531,
0.0,
0.0,
0.0,
376.31512451171875,
0.0875379890203476,
22.2587947845459,
0.0,
722.4191284179688,
bevore adding solver back in, here are the stats:
cross accuracy is 0.9886039886039886
actual key is gxrizqhfywujodvcpAabsknmtle
pred key is   gxrizqhfywujvodcpAbasnkmtle
difference of both scores is 415.35205078125
adding solver LStech-Maple-HyWalk back in
it has index 11
this gives an accuracy (true) of 0.9642857142857143
the cross accuracy is 0.9894179894179894
actual key is gysiArhfzxvjpdwcqBabtlkonume
pred key is   gysiArhfzxvjwpdcqBbatloknume