                 SolverName    Par2Score    Par2Diff  CrossAcc   TrueAcc
0           CaDiCaL_DVDL_V1  3089.303852  445.162354       1.0  0.928571
1           CaDiCaL_DVDL_V2  3095.117989   473.12793       1.0  0.964286
2            CadicalReorder  3028.922123  404.951172  0.991453  0.821429
3               Cadical_ESA  3010.642427  592.657227  0.994302  0.821429
4                    IsaSAT  4750.807592  492.693115  0.988604  0.964286
5         Kissat_MAB-HyWalk  2857.219430  452.254639       1.0      0.75
6            Kissat_MAB_ESA  2806.399950   598.92627       1.0  0.857143
7           Kissat_MAB_MOSS  2842.665502  513.499756       1.0  0.857143
8            Kissat_MAB_UCB  2833.080702  514.111572  0.997151  0.857143
9   Kissat_adaptive_restart  2964.729164  537.205078  0.994302  0.857143
10             LSTech_Maple  3288.798456  538.919189  0.994302  0.928571
11      LStech-Maple-HyWalk  3287.321714   87.632812       1.0  0.928571
12  MapleLCMDistChrBt-DL-v3  3504.243855  206.756592  0.991453  0.964286
13            SLIME-SC-2022  3410.345479  458.002441  0.994302  0.928571
14       SLIME-SC-2022-beta  3399.280972   367.40918  0.991453  0.964286
15        SeqFROST-NoExtend  2974.990134  450.126709       1.0  0.857143
16       cadical_rel_Scavel  3042.540247   448.60498  0.991453  0.857143
17        ekissat-mab-db-v1  2841.734300  540.386963       1.0  0.821429
18        ekissat-mab-gb-db  2830.143350  351.491455  0.994302  0.892857
19           glucose-reboot  3272.673710  470.663086  0.997151  0.964286
20            hCaD_V1-psids  3430.403190  863.141846  0.994302  0.928571
21               hKis-unsat  2950.179046  429.787598  0.991453  0.928571
22            kissat-els-v1  3012.152117  551.178711  0.997151  0.892857
23            kissat-els-v2  2896.370918  407.624268  0.994302  0.964286
24      kissat-sc2022-bulky  2810.958876  529.293213  0.994302      0.75
25      kissat-sc2022-light  2866.960391  420.339111  0.988604  0.964286
26               kissat_inc  2833.396989  577.949951  0.994302  0.821429
27           kissat_relaxed  3082.292642  500.388672  0.994302  0.928571
this gives a mean of
Par2Score    3107.631254
Par2Diff      472.295898
CrossAcc        0.995319
TrueAcc         0.891582