80.38082885742188,
4998.71484375,
198.70338439941406,
4999.90283203125,
4999.86474609375,
210.15493774414062,
304.5943908691406,
356.72509765625,
307.34710693359375,
4998.81982421875,
108.11007690429688,
4999.48779296875,
171.23779296875,
206.09033203125,
4997.0048828125,
4999.8916015625,
223.92665100097656,
4999.693359375,
4999.01513671875,
182.00982666015625,
2646.552001953125,
143.48580932617188,
4995.79736328125,
98.17684173583984,
481.6070556640625,
142.97950744628906,
4999.15869140625,
4999.96728515625,
129.45285034179688,
132.17247009277344,
393.9801330566406,
1574.185791015625,
4999.59619140625,
4999.58935546875,
395.80169677734375,
601.7110595703125,
138.52857971191406,
159.3727264404297,
4997.9169921875,
4999.30908203125,
3576.2412109375,
661.20654296875,
4996.4423828125,
371.82806396484375,
117.96692657470703,
263.0753479003906,
4992.466796875,
764.208740234375,
4995.97119140625,
4999.34423828125,
629.6612548828125,
219.16635131835938,
4998.3291015625,
251.31015014648438,
334.4844055175781,
4999.1298828125,
426.51226806640625,
648.2860107421875,
257.7305908203125,
533.486328125,
4998.34814453125,
4999.41357421875,
213.251220703125,
343.82159423828125,
112.82360076904297,
235.8338165283203,
174.06393432617188,
101.55838775634766,
68.83113098144531,
4999.30908203125,
416.0409851074219,
788.31591796875,
1332.6690673828125,
631.211181640625,
282.4918518066406,
306.79888916015625,
203.09396362304688,
4996.57421875,
81.0750503540039,
243.17665100097656,
4999.4716796875,
404.43634033203125,
184.1619110107422,
467.39886474609375,
292.940673828125,
96.05193328857422,
310.6661376953125,
872.71240234375,
222.38038635253906,
382.2822570800781,
0.0,
4999.97412109375,
4999.10888671875,
4999.2841796875,
252.46742248535156,
4999.84912109375,
209.0506134033203,
185.2619171142578,
227.53866577148438,
269.6949462890625,
115.4491195678711,
298.01416015625,
134.46572875976562,
296.8084716796875,
284.3642578125,
4997.17724609375,
4999.60986328125,
413.76220703125,
197.3289031982422,
4999.9697265625,
4998.60302734375,
345.7380065917969,
4999.8671875,
431.59088134765625,
202.7157440185547,
458.99102783203125,
184.6171112060547,
4998.5302734375,
342.7340393066406,
218.63772583007812,
61.045963287353516,
70.34634399414062,
4999.99169921875,
242.67832946777344,
387.9630126953125,
173.3821563720703,
489.8816833496094,
4998.98779296875,
4999.7001953125,
154.36984252929688,
4997.8203125,
1751.1297607421875,
251.9675750732422,
1004.3043823242188,
300.06732177734375,
449.1213073730469,
370.8179016113281,
372.95440673828125,
4999.64013671875,
4998.20263671875,
328.4794616699219,
4999.11474609375,
4997.20947265625,
245.7183837890625,
252.40423583984375,
524.8364868164062,
4999.2587890625,
4998.6552734375,
726.0752563476562,
4999.76806640625,
136.26670837402344,
389.9324645996094,
239.2158203125,
4998.92919921875,
4999.8935546875,
4999.55859375,
4999.80419921875,
391.5879211425781,
4999.22412109375,
4995.49365234375,
4998.8076171875,
4996.3037109375,
344.1961669921875,
105.9522933959961,
260.5033874511719,
266.362548828125,
684.0275268554688,
131.82623291015625,
0.0,
621.4994506835938,
177.98153686523438,
143.02346801757812,
4999.91845703125,
122.59830474853516,
546.6893310546875,
4999.20458984375,
3394.068603515625,
114.28215789794922,
431.859130859375,
4999.96044921875,
4998.32177734375,
657.0726928710938,
4997.93310546875,
290.0310363769531,
311.6731262207031,
676.9176025390625,
183.93551635742188,
444.2156066894531,
4999.87060546875,
361.5654602050781,
4999.30517578125,
4996.38525390625,
137.21165466308594,
314.8895568847656,
2668.878173828125,
156.53094482421875,
555.9561157226562,
4999.29833984375,
650.6602172851562,
363.2920837402344,
4999.23193359375,
101.5090560913086,
4999.62109375,
4998.7216796875,
4999.525390625,
490.0740051269531,
243.1859130859375,
129.84957885742188,
254.1653594970703,
107.33277893066406,
0.0,
4998.95166015625,
227.54104614257812,
59.76527404785156,
124.96147918701172,
4997.9873046875,
294.26617431640625,
4997.4912109375,
4999.6142578125,
4997.53564453125,
212.140625,
4999.71337890625,
262.81121826171875,
4999.83544921875,
1863.773681640625,
4999.45361328125,
432.6069641113281,
698.0635986328125,
237.0819549560547,
204.88796997070312,
65.48500061035156,
164.10409545898438,
340.57647705078125,
282.5558166503906,
4999.7412109375,
4999.90673828125,
347.27899169921875,
35.676822662353516,
341.24566650390625,
442.88726806640625,
372.6850280761719,
681.9346313476562,
289.14337158203125,
129.36817932128906,
130.65643310546875,
50.10325241088867,
4997.59619140625,
303.8899841308594,
4999.8671875,
4845.857421875,
258.2827453613281,
4999.7392578125,
116.79258728027344,
184.4083251953125,
4998.9609375,
4997.564453125,
3537.833740234375,
445.5669250488281,
385.4053039550781,
4999.92578125,
120.55122375488281,
201.40206909179688,
338.1932678222656,
247.46377563476562,
64.2354736328125,
175.60934448242188,
222.62191772460938,
339.06146240234375,
102.52664184570312,
163.19577026367188,
4999.67041015625,
4995.728515625,
90.02592468261719,
4998.9599609375,
1111.7677001953125,
366.90386962890625,
4999.7197265625,
188.37246704101562,
230.87879943847656,
161.1571807861328,
4999.33056640625,
96.22061157226562,
344.7153015136719,
4999.830078125,
418.71343994140625,
4999.7978515625,
456.0658264160156,
4998.24755859375,
300.7179260253906,
4999.18896484375,
107.08692932128906,
166.46890258789062,
263.2123718261719,
460.6143798828125,
591.2939453125,
362.29779052734375,
266.1259765625,
192.5913543701172,
236.7532196044922,
238.3983612060547,
390.4196472167969,
131.47535705566406,
323.1461486816406,
130.21160888671875,
478.5086975097656,
2550.913818359375,
257.26519775390625,
375.854248046875,
4999.11767578125,
4997.896484375,
283.0470275878906,
4998.48779296875,
294.2471008300781,
386.2938232421875,
2913.188720703125,
181.8821563720703,
700.3740234375,
206.4138946533203,
244.27896118164062,
131.2487030029297,
4998.22705078125,
4996.05859375,
184.64878845214844,
552.1387329101562,
4999.8271484375,
238.14801025390625,
4998.794921875,
228.39111328125,
312.8341064453125,
208.24325561523438,
169.89549255371094,
375.3104248046875,
4999.6298828125,
331.685302734375,
4999.53662109375,
195.91981506347656,
563.75830078125,
4998.67041015625,
4993.59521484375,
4999.95361328125,
473.81060791015625,
317.897705078125,
4997.60791015625,
4999.6015625,
101.17098236083984,
275.2090148925781,
4998.40087890625,
628.4599609375,
4999.99267578125,
460.0047607421875,
371.64044189453125,
484.868896484375,
660.9431762695312,
4996.01123046875,
142.21478271484375,
318.8510437011719,
314.12774658203125,
20.861600875854492,
11.74848461151123,
95.29803466796875,
355.39166259765625,
4998.2939453125,
4999.1162109375,
158.95166015625,
275.4659729003906,
4997.42822265625,
338.27130126953125,
231.29994201660156,
177.3196258544922,
227.08168029785156,
201.0559539794922,
38.93766403198242,
4999.4072265625,
25.128177642822266,
310.28009033203125,
4996.6259765625,
505.9325866699219,
777.84423828125,
4999.38671875,
315.395263671875,
4999.12890625,
288.5859069824219,
4999.744140625,
310.4773864746094,
272.869140625,
4999.59716796875,
282.4364013671875,
239.61801147460938,
4999.75244140625,
4999.65185546875,
133.72154235839844,
4997.5634765625,
4999.24560546875,
450.68817138671875,
161.36817932128906,
4990.974609375,
2481.65625,
129.36546325683594,
4999.71533203125,
4999.13916015625,
0.0,
4999.578125,
246.35069274902344,
178.0146484375,
793.4199829101562,
527.0027465820312,
300.58740234375,
4997.69970703125,
4998.11328125,
331.0440979003906,
436.1987609863281,
517.934326171875,
433.25653076171875,
404.8136291503906,
4998.4296875,
147.29714965820312,
4999.57861328125,
179.87071228027344,
144.3642578125,
315.261962890625,
4996.13916015625,
342.04278564453125,
285.4189758300781,
2342.9833984375,
450.38848876953125,
176.80853271484375,
4999.4873046875,
421.935791015625,
4999.08837890625,
408.5054016113281,
4999.8740234375,
4999.49609375,
4996.74267578125,
529.4895629882812,
265.97406005859375,
354.4331359863281,
0.0,
4999.251953125,
4999.08935546875,
232.9512176513672,
290.52294921875,
321.9200439453125,
0.0,
56.94482421875,
247.58795166015625,
4999.6669921875,
4999.71435546875,
208.61322021484375,
222.99900817871094,
146.85731506347656,
4996.61767578125,
111.85669708251953,
2906.621826171875,
4998.89208984375,
287.3856201171875,
4997.76904296875,
4999.70263671875,
419.1460266113281,
4999.8505859375,
123.02745056152344,
140.87884521484375,
336.59783935546875,
180.67156982421875,
4998.4951171875,
4996.98974609375,
467.8260498046875,
4999.4111328125,
4999.736328125,
4999.9638671875,
428.10760498046875,
177.67320251464844,
4996.9013671875,
81.48951721191406,
221.13189697265625,
426.1976623535156,
129.55967712402344,
397.5537109375,
372.1583557128906,
1653.09765625,
4999.099609375,
324.7970886230469,
4996.16015625,
268.3166198730469,
292.7394714355469,
4998.5361328125,
369.4022216796875,
516.9686279296875,
170.60939025878906,
347.7536926269531,
4996.2373046875,
406.1319274902344,
465.9169006347656,
89.60050964355469,
4998.22119140625,
4997.373046875,
610.1387329101562,
117.60175323486328,
275.2927551269531,
216.01947021484375,
60.95418930053711,
4999.33984375,
4999.80029296875,
123.09380340576172,
4997.84521484375,
343.5077819824219,
4999.6201171875,
4999.24267578125,
525.30078125,
4999.55322265625,
330.6903381347656,
323.432861328125,
4998.2099609375,
111.35099792480469,
4999.01025390625,
225.5589141845703,
428.5508117675781,
186.94273376464844,
86.86546325683594,
206.960205078125,
4.189526081085205,
473.6186828613281,
4999.18603515625,
147.14706420898438,
377.7486267089844,
153.3294219970703,
350.4637451171875,
4998.697265625,
339.21795654296875,
462.21917724609375,
84.04365539550781,
4998.4599609375,
239.37681579589844,
553.7614135742188,
4998.05078125,
1090.0321044921875,
4997.99951171875,
4999.94189453125,
180.3094940185547,
451.1400146484375,
366.89691162109375,
275.7154846191406,
307.5274353027344,
366.2134704589844,
327.1670837402344,
4999.13623046875,
1562.9317626953125,
4999.46435546875,
4999.6416015625,
173.57937622070312,
403.720703125,
234.61892700195312,
4999.76318359375,
4999.54248046875,
506.8585205078125,
571.3291625976562,
114.5211181640625,
4999.04150390625,
311.2877197265625,
237.34970092773438,
381.25018310546875,
1193.2734375,
213.40902709960938,
699.3519897460938,
177.89117431640625,
310.68426513671875,
371.45233154296875,
407.301513671875,
274.7396545410156,
150.27987670898438,
249.8224334716797,
366.6296691894531,
4999.69482421875,
4998.80810546875,
4996.087890625,
189.8368682861328,
247.40806579589844,
128.11692810058594,
4996.16552734375,
150.2578887939453,
4999.86083984375,
285.4757385253906,
4998.51806640625,
639.2408447265625,
4999.3427734375,
316.2416687011719,
4999.97998046875,
4997.33203125,
4999.8662109375,
225.62420654296875,
315.7259521484375,
4999.6025390625,
473.07855224609375,
4999.9091796875,
4998.771484375,
656.0171508789062,
122.67945098876953,
4999.87158203125,
290.5664978027344,
233.3386688232422,
168.37429809570312,
4999.275390625,
605.8403930664062,
336.53338623046875,
449.2066650390625,
311.70233154296875,
99.81938171386719,
4999.30517578125,
270.724853515625,
4999.51171875,
424.41265869140625,
375.1227722167969,
166.86451721191406,
262.0142517089844,
48.80717849731445,
215.54385375976562,
4999.55517578125,
534.4281005859375,
282.5802307128906,
4999.51025390625,
4997.40087890625,
436.7837219238281,
272.2827453613281,
159.75132751464844,
122.71932983398438,
229.19699096679688,
694.2235717773438,
214.56399536132812,
308.3436279296875,
192.3687744140625,
371.4873962402344,
4998.0078125,
4998.99267578125,
515.9793701171875,
309.69866943359375,
575.0950927734375,
1190.713134765625,
306.0675048828125,
4998.52099609375,
416.778076171875,
4999.5341796875,
213.1902313232422,
687.6109008789062,
306.1817626953125,
304.5069274902344,
241.24468994140625,
611.0996704101562,
41.10527801513672,
4999.38037109375,
4994.9189453125,
4998.6552734375,
4999.7451171875,
163.6388397216797,
136.65472412109375,
241.18527221679688,
4999.54736328125,
309.3033447265625,
249.73794555664062,
4999.60888671875,
274.2832336425781,
4999.68359375,
184.40005493164062,
4995.943359375,
128.4292449951172,
170.93792724609375,
335.8228759765625,
62.786624908447266,
216.35166931152344,
4995.3583984375,
4999.29931640625,
236.3308563232422,
4999.94140625,
478.79327392578125,
96.00788879394531,
4998.3818359375,
502.5515441894531,
13.791563987731934,
4995.40625,
376.864501953125,
4999.11181640625,
448.3551940917969,
371.455078125,
158.27874755859375,
82.67147827148438,
295.7662353515625,
1753.1217041015625,
166.442626953125,
170.56248474121094,
258.30767822265625,
4999.43212890625,
4999.77685546875,
4999.6630859375,
4997.529296875,
4998.8671875,
4998.72900390625,
663.6353149414062,
203.59976196289062,
201.6897735595703,
4999.8642578125,
111.6064224243164,
199.6064453125,
341.30047607421875,
323.37322998046875,
395.2715759277344,
4997.3134765625,
236.4205322265625,
61.13874053955078,
115.07062530517578,
276.9406433105469,
4999.79052734375,
173.62222290039062,
4999.44189453125,
328.5019226074219,
128.1249542236328,
478.3863830566406,
4997.97021484375,
469.6875305175781,
4998.73486328125,
226.41079711914062,
4998.28955078125,
77.124755859375,
250.3509063720703,
417.7571716308594,
248.6605224609375,
141.3948516845703,
114.32024383544922,
265.5943298339844,
4999.93505859375,
327.5604553222656,
4997.111328125,
4999.68408203125,
400.2668151855469,
310.40838623046875,
4999.568359375,
4999.99072265625,
139.69253540039062,
4995.982421875,
474.4971618652344,
4998.90625,
246.05194091796875,
403.2069396972656,
245.78665161132812,
709.1666870117188,
105.49009704589844,
370.7139587402344,
4997.6201171875,
4999.091796875,
4999.4296875,
160.89642333984375,
283.83306884765625,
332.1348571777344,
2098.99072265625,
374.95086669921875,
425.9139099121094,
303.02203369140625,
565.1861572265625,
4998.6796875,
58.89582443237305,
4997.482421875,
417.510009765625,
609.6312255859375,
547.91845703125,
349.9632873535156,
73.45052337646484,
439.6587219238281,
336.56866455078125,
215.33456420898438,
369.9874572753906,
4999.4111328125,
710.1357421875,
291.2997741699219,
399.8246154785156,
152.11367797851562,
417.17138671875,
0.0,
309.0494079589844,
4996.20068359375,
318.1533203125,
4999.673828125,
1390.6802978515625,
338.0181884765625,
4999.0634765625,
4994.85302734375,
93.52579498291016,
503.8590087890625,
4998.0810546875,
344.9320373535156,
483.6607971191406,
248.8912811279297,
4999.5234375,
121.39246368408203,
11.758492469787598,
251.6177520751953,
443.0318298339844,
563.0516967773438,
4993.87060546875,
40.277400970458984,
159.92727661132812,
275.9598693847656,
267.3609313964844,
4998.927734375,
84.48932647705078,
4999.6513671875,
3217.586669921875,
1561.8287353515625,
4998.8984375,
2206.470703125,
162.61074829101562,
454.2325744628906,
239.58343505859375,
4997.14306640625,
274.967529296875,
245.46502685546875,
199.16595458984375,
365.6859130859375,
150.31346130371094,
4999.25927734375,
4999.95751953125,
723.2201538085938,
508.7314453125,
263.9502258300781,
4995.8974609375,
4998.95556640625,
592.181396484375,
354.2301025390625,
4999.8779296875,
127.21772766113281,
216.34152221679688,
4999.50537109375,
4996.73095703125,
3544.225830078125,
4999.98876953125,
4995.55078125,
84.39458465576172,
748.3461303710938,
428.4689025878906,
4998.6572265625,
4998.57275390625,
141.7303009033203,
154.76547241210938,
150.75674438476562,
4999.60400390625,
284.7823791503906,
4999.74755859375,
96.71379852294922,
4999.48486328125,
452.64227294921875,
209.90975952148438,
121.4245376586914,
370.45269775390625,
2612.2958984375,
4999.1279296875,
229.36851501464844,
4998.3896484375,
137.52005004882812,
242.68714904785156,
4999.81787109375,
4999.1904296875,
4999.6865234375,
279.40277099609375,
433.2415771484375,
244.62840270996094,
219.41603088378906,
191.0299835205078,
220.70919799804688,
4999.46630859375,
4999.2177734375,
4998.87255859375,
997.1113891601562,
4999.6982421875,
4999.9013671875,
4998.27783203125,
310.769287109375,
295.43896484375,
48.34653091430664,
214.8028564453125,
4997.68359375,
4995.4111328125,
453.68743896484375,
4999.98291015625,
303.3830871582031,
441.8139953613281,
368.3880615234375,
604.9418334960938,
4999.67236328125,
120.22937774658203,
398.26702880859375,
185.3385009765625,
230.50088500976562,
345.3690490722656,
4997.5263671875,
294.9364929199219,
4997.6103515625,
344.6348876953125,
428.4493408203125,
148.9923553466797,
335.53607177734375,
196.15896606445312,
124.5548095703125,
238.00103759765625,
4999.8203125,
4996.9326171875,
304.38629150390625,
4998.71142578125,
150.21670532226562,
52.61445617675781,
4999.890625,
471.7494201660156,
4998.94140625,
4999.54541015625,
4999.6337890625,
538.8048095703125,
88.40971374511719,
4999.31982421875,
155.40138244628906,
262.4116516113281,
320.9906921386719,
4998.55517578125,
620.8409423828125,
170.1244659423828,
4999.693359375,
274.11090087890625,
4999.12890625,
427.9180603027344,
349.0317077636719,
544.2022094726562,
0.0,
353.0277099609375,
311.7569885253906,
4999.81201171875,
235.6431427001953,
4999.83251953125,
91.86750793457031,
4999.791015625,
4999.0146484375,
312.7528381347656,
73.02783966064453,
4999.90478515625,
349.0323486328125,
92.69200897216797,
4999.80615234375,
279.18365478515625,
4996.6923828125,
460.54144287109375,
150.65213012695312,
444.419677734375,
378.5559387207031,
309.1182861328125,
4999.232421875,
4998.783203125,
4999.33154296875,
239.09255981445312,
4999.71630859375,
4998.24609375,
4995.05078125,
354.817138671875,
1364.54345703125,
165.03810119628906,
397.11187744140625,
348.0582275390625,
256.37884521484375,
353.266845703125,
270.9678649902344,
4999.8369140625,
390.962158203125,
4999.60107421875,
975.0352172851562,
4999.1826171875,
264.38232421875,
285.5672607421875,
496.8345947265625,
4999.4921875,
4999.8857421875,
4999.1669921875,
4999.4482421875,
4997.05029296875,
310.8205871582031,
4998.80419921875,
4997.6767578125,
232.69752502441406,
4998.2900390625,
141.42454528808594,
4999.54833984375,
4999.52099609375,
158.70420837402344,
704.902587890625,
4999.60693359375,
252.53622436523438,
187.74427795410156,
212.61463928222656,
458.3399658203125,
75.590087890625,
173.3508758544922,
357.49359130859375,
35.96077346801758,
394.82757568359375,
4998.07958984375,
4999.81298828125,
260.84332275390625,
4999.95703125,
4999.986328125,
560.4862060546875,
197.896728515625,
2006.571044921875,
210.96875,
1460.9739990234375,
61.558414459228516,
138.9866943359375,
197.50302124023438,
128.06979370117188,
4999.96630859375,
4999.02392578125,
4998.5966796875,
266.1195373535156,
4999.4619140625,
238.70553588867188,
4995.17431640625,
4999.2236328125,
4999.39501953125,
578.3529663085938,
4999.7041015625,
387.07586669921875,
352.57977294921875,
2536.38720703125,
444.1891174316406,
214.8219757080078,
518.6774291992188,
456.87664794921875,
4999.31982421875,
4994.62353515625,
223.80235290527344,
4999.8134765625,
165.64212036132812,
285.49456787109375,
515.235595703125,
4999.79833984375,
4999.82958984375,
4992.21923828125,
4999.51220703125,
252.62188720703125,
4998.34521484375,
192.50540161132812,
547.4562377929688,
523.360107421875,
272.3024597167969,
4999.6650390625,
369.0262451171875,
97.416748046875,
1215.198486328125,
91.42230987548828,
442.20751953125,
211.3283233642578,
4999.43896484375,
4999.07275390625,
363.4063415527344,
429.96673583984375,
4999.42724609375,
328.0014953613281,
1001.1831665039062,
4999.96435546875,
483.7177429199219,
194.24522399902344,
303.4840087890625,
4998.20849609375,
4877.34033203125,
98.88028717041016,
960.3225708007812,
4995.47021484375,
4998.40478515625,
622.8504028320312,
4996.65966796875,
565.09130859375,
4995.1103515625,
2678.85693359375,
3086.00537109375,
176.37525939941406,
396.9541320800781,
4998.5087890625,
4997.62353515625,
400.62158203125,
413.33660888671875,
460.5517272949219,
4999.46044921875,
4997.10400390625,
1920.1832275390625,
185.61410522460938,
45.61502456665039,
200.14944458007812,
121.68794250488281,
4997.0849609375,
300.5688171386719,
722.4761962890625,
4997.14794921875,
167.18528747558594,
4999.92431640625,
4998.01806640625,
207.04141235351562,
252.3818817138672,
4999.6904296875,
215.09864807128906,
239.70433044433594,
284.624267578125,
4999.3974609375,
109.10795593261719,
4998.42822265625,
379.0720520019531,
257.6307067871094,
4997.99755859375,
311.2240905761719,
439.5166931152344,
185.54676818847656,
166.69091796875,
495.8247375488281,
3214.460205078125,
95.32594299316406,
4995.14990234375,
736.5330200195312,
446.2948913574219,
584.4129028320312,
4998.1494140625,
247.275390625,
284.6795959472656,
4999.58740234375,
257.3898620605469,
402.4344177246094,
230.45997619628906,
1982.5902099609375,
185.434814453125,
4998.32861328125,
402.8857727050781,
316.2785339355469,
1753.418212890625,
350.3421936035156,
972.9843139648438,
145.8924560546875,
357.34918212890625,
358.5589294433594,
249.12864685058594,
251.9432830810547,
4999.62548828125,
229.8763885498047,
4998.4765625,
4997.73876953125,
318.11468505859375,
145.64476013183594,
146.54782104492188,
397.4276123046875,
355.6505126953125,
260.7950134277344,
151.8648223876953,
179.3184814453125,
2557.4130859375,
219.70008850097656,
4999.7392578125,
306.9055480957031,
4996.626953125,
671.2736206054688,
272.4771423339844,
4998.76513671875,
511.6922302246094,
4999.703125,
4997.52001953125,
4996.1064453125,
281.52294921875,
255.54400634765625,
4999.921875,
3159.6015625,
324.8603515625,
4999.35498046875,
4999.9208984375,
241.60169982910156,
1757.7508544921875,
241.1055908203125,
4999.07080078125,
4999.4140625,
73.83274841308594,
4996.3466796875,
151.61253356933594,
319.1365051269531,
4525.0,
477.2988586425781,
580.5184936523438,
356.68011474609375,
4997.84521484375,
4999.96923828125,
4999.7001953125,
423.56414794921875,
102.62277221679688,
220.48365783691406,
2471.822998046875,
190.99575805664062,
465.4656677246094,
109.68354797363281,
88.76358032226562,
622.6514282226562,
4994.0244140625,
504.25115966796875,
3427.71337890625,
1108.177734375,
4999.859375,
414.9431457519531,
4999.943359375,
351.94891357421875,
568.577392578125,
175.6031036376953,
4999.18701171875,
231.26832580566406,
415.0208435058594,
4997.64892578125,
413.25567626953125,
217.5931854248047,
3514.341064453125,
259.4786376953125,
322.6100158691406,
834.345947265625,
4999.49267578125,
4999.7158203125,
4999.7265625,
4994.61279296875,
183.4630126953125,
96.0667724609375,
22.874895095825195,
245.05816650390625,
151.92349243164062,
4998.36328125,
236.17823791503906,
4998.93505859375,
328.4979553222656,
652.2257080078125,
4998.837890625,
4997.67724609375,
564.078369140625,
4999.658203125,
162.19557189941406,
4999.77783203125,
209.34515380859375,
4998.78466796875,
1747.2034912109375,
231.3998565673828,
422.11029052734375,
521.5406494140625,
331.69195556640625,
4999.47314453125,
263.71075439453125,
4998.353515625,
4998.31689453125,
239.08627319335938,
4999.31591796875,
4999.931640625,
4999.33935546875,
189.89266967773438,
4997.6572265625,
4995.95068359375,
448.623291015625,
176.72850036621094,
4998.47509765625,
360.6844787597656,
196.8862762451172,
425.26275634765625,
4997.861328125,
207.9293212890625,
4999.857421875,
456.7558898925781,
256.9117736816406,
2424.94482421875,
82.66619873046875,
231.96612548828125,
315.78350830078125,
239.61337280273438,
4998.08837890625,
482.81549072265625,
177.1576690673828,
4998.96435546875,
113.60385131835938,
163.86212158203125,
83.13700103759766,
273.5184020996094,
78.71684265136719,
4999.61865234375,
4997.455078125,
279.6648864746094,
290.772216796875,
87.88226318359375,
707.490478515625,
295.3656005859375,
124.03862762451172,
159.0330352783203,
4999.9111328125,
4998.95166015625,
4998.1767578125,
220.93963623046875,
4991.50830078125,
118.30155181884766,
4999.69677734375,
129.9033660888672,
128.26353454589844,
4999.70849609375,
553.8104248046875,
232.35284423828125,
338.7128601074219,
1022.175048828125,
233.6190643310547,
347.7087097167969,
559.3052978515625,
190.1329345703125,
44.251739501953125,
334.71722412109375,
4999.26025390625,
524.215087890625,
122.33018493652344,
377.2672119140625,
4999.9326171875,
207.97286987304688,
224.234130859375,
145.69801330566406,
4999.1826171875,
4999.4384765625,
72.62101745605469,
213.45555114746094,
4998.8798828125,
4991.72509765625,
125.40447235107422,
4999.9013671875,
508.97662353515625,
137.9924774169922,
4999.0771484375,
4999.92138671875,
4998.6376953125,
567.9888916015625,
119.45429229736328,
138.67347717285156,
313.8757019042969,
4999.4794921875,
71.98890686035156,
289.79119873046875,
193.77635192871094,
175.07098388671875,
0.0,
338.24078369140625,
4999.55712890625,
2042.1693115234375,
419.3565979003906,
121.67218017578125,
252.20016479492188,
885.4340209960938,
4999.93359375,
337.26495361328125,
806.85107421875,
183.6902313232422,
71.72733306884766,
278.4015197753906,
4996.439453125,
420.29266357421875,
4998.2724609375,
4997.98388671875,
4999.90380859375,
4999.853515625,
4998.81640625,
1964.757568359375,
471.8452453613281,
84.65560150146484,
164.90576171875,
245.11724853515625,
4999.8720703125,
192.5420379638672,
215.61529541015625,
0.0,
288.4471740722656,
152.9888916015625,
0.0,
493.2400207519531,
178.98834228515625,
281.83465576171875,
4999.5625,
229.60179138183594,
83.73857116699219,
323.7386169433594,
4999.20849609375,
754.683837890625,
144.13832092285156,
104.2274169921875,
495.3422546386719,
4999.99560546875,
4999.5,
122.51082611083984,
463.27093505859375,
287.0308837890625,
2220.553466796875,
240.8854217529297,
4999.90185546875,
4994.599609375,
203.8291473388672,
190.88563537597656,
194.97645568847656,
345.4344177246094,
699.3258056640625,
4995.8759765625,
386.554443359375,
4999.2578125,
581.141357421875,
4993.619140625,
201.2620391845703,
4996.775390625,
490.471435546875,
276.14849853515625,
4999.8115234375,
167.53065490722656,
468.3503112792969,
4999.9931640625,
2756.933349609375,
28.149457931518555,
4999.78466796875,
1239.3131103515625,
360.1456298828125,
102.34373474121094,
268.14013671875,
340.1930236816406,
320.3249206542969,
4999.41357421875,
4996.65087890625,
389.6777038574219,
4999.95947265625,
0.0,
191.19927978515625,
4997.39599609375,
199.79539489746094,
3327.638671875,
308.77056884765625,
468.9017639160156,
463.0002136230469,
211.9741668701172,
134.69935607910156,
164.5345916748047,
561.1132202148438,
344.94927978515625,
4999.88671875,
4997.23681640625,
0.0,
494.4744873046875,
336.2305908203125,
4999.7109375,
4999.73388671875,
312.6796569824219,
686.968017578125,
140.5633544921875,
3206.732421875,
4999.90966796875,
4999.73046875,
264.8623352050781,
4998.4755859375,
392.03521728515625,
351.5472717285156,
4999.7919921875,
283.8193054199219,
4998.29443359375,
263.1635437011719,
1465.878173828125,
4999.71826171875,
394.880615234375,
353.9898681640625,
216.62991333007812,
268.27685546875,
4999.81689453125,
146.09645080566406,
327.7670593261719,
163.8415069580078,
95.16356658935547,
100.94488525390625,
448.7096862792969,
4998.24755859375,
231.4382781982422,
1739.017578125,
15.01284408569336,
252.6761016845703,
4997.83740234375,
176.86997985839844,
202.79287719726562,
583.1265258789062,
500.5150451660156,
584.4063720703125,
848.1177978515625,
4999.79931640625,
4997.31884765625,
563.4228515625,
403.1579284667969,
138.4335174560547,
102.98614501953125,
4997.91796875,
4997.7626953125,
4999.30712890625,
4999.49462890625,
4998.48193359375,
159.17620849609375,
4998.1064453125,
4997.5126953125,
41.50355911254883,
230.9762725830078,
4999.70458984375,
1068.7503662109375,
118.34917449951172,
4999.572265625,
4999.77197265625,
585.2159423828125,
289.445068359375,
374.4298400878906,
317.1153564453125,
915.5465087890625,
4999.5810546875,
2443.985107421875,
264.2605895996094,
234.28639221191406,
279.54461669921875,
251.29489135742188,
4999.73095703125,
316.9012145996094,
4997.29638671875,
4997.58349609375,
170.0055694580078,
4999.83984375,
460.8870544433594,
413.3907470703125,
508.9577331542969,
714.1700439453125,
419.3993835449219,
4999.9111328125,
128.46722412109375,
227.27708435058594,
551.5323486328125,
687.3064575195312,
317.44769287109375,
141.2644805908203,
475.22955322265625,
4999.52880859375,
513.273681640625,
4999.33349609375,
303.1607971191406,
456.49371337890625,
474.83563232421875,
4999.6435546875,
72.84925842285156,
4999.80810546875,
4999.642578125,
4999.67431640625,
661.7064208984375,
4999.71533203125,
374.6885986328125,
227.3405303955078,
264.5542297363281,
353.4725646972656,
116.79906463623047,
261.7976379394531,
4999.171875,
280.3131103515625,
532.0486450195312,
4996.716796875,
272.85107421875,
256.9731140136719,
4998.86181640625,
4999.4443359375,
4999.67236328125,
267.8365783691406,
4997.04541015625,
4996.9609375,
501.72357177734375,
4997.2236328125,
116.81591796875,
167.3593292236328,
475.14373779296875,
425.79931640625,
174.2692413330078,
4999.72021484375,
4999.7939453125,
204.6743927001953,
295.1839294433594,
232.7214813232422,
2741.435302734375,
4999.53662109375,
4998.98046875,
4998.35888671875,
4999.8681640625,
775.0619506835938,
323.68426513671875,
191.07492065429688,
466.15087890625,
165.67193603515625,
365.418701171875,
181.98052978515625,
511.6011657714844,
4999.28857421875,
4999.35107421875,
57.85869598388672,
422.6275634765625,
4998.7236328125,
280.28521728515625,
364.7149353027344,
320.1217346191406,
783.9531860351562,
269.1579895019531,
119.01787567138672,
318.6647033691406,
248.5235137939453,
157.19850158691406,
302.1171875,
100.36158752441406,
637.3790283203125,
152.05279541015625,
144.2007293701172,
64.47520446777344,
2075.524658203125,
119.35760498046875,
124.16655731201172,
172.82058715820312,
4997.13720703125,
4998.6875,
4999.8544921875,
294.0279541015625,
4997.89013671875,
299.21136474609375,
4998.93896484375,
68.3350601196289,
4999.65234375,
4998.45654296875,
4999.91796875,
572.2977905273438,
4999.04638671875,
113.77536010742188,
580.2940063476562,
336.9446716308594,
4999.9541015625,
4998.203125,
4999.734375,
222.9197998046875,
4999.50244140625,
432.7879943847656,
233.8905792236328,
4999.86083984375,
55.18496322631836,
4997.26953125,
4995.56787109375,
236.16064453125,
203.28323364257812,
4999.82763671875,
336.85174560546875,
265.85906982421875,
268.6952209472656,
143.67625427246094,
96.00264739990234,
4995.15283203125,
308.4349670410156,
4999.9423828125,
195.97842407226562,
4999.80712890625,
4999.419921875,
4999.73095703125,
4999.40380859375,
4996.935546875,
4998.6630859375,
248.74488830566406,
884.0502319335938,
368.52239990234375,
4998.3916015625,
274.8348083496094,
142.29786682128906,
195.06317138671875,
297.5371398925781,
4999.88134765625,
4998.3828125,
88.2796401977539,
4997.26220703125,
178.28952026367188,
890.3696899414062,
1165.2259521484375,
348.3224792480469,
435.2297668457031,
269.39013671875,
534.2664794921875,
182.6460418701172,
73.99671936035156,
4998.76318359375,
390.85675048828125,
253.24940490722656,
269.56182861328125,
161.57345581054688,
352.4698486328125,
4999.2890625,
488.03302001953125,
169.18988037109375,
4999.9697265625,
300.9977111816406,
522.3228759765625,
237.9275360107422,
84.28130340576172,
223.69085693359375,
432.61041259765625,
143.6634521484375,
75.6783676147461,
4999.65478515625,
469.9915466308594,
4999.64697265625,
463.4803466796875,
4999.83984375,
412.3019714355469,
4999.79736328125,
4997.4052734375,
4998.32568359375,
4998.4599609375,
342.7085266113281,
54.45588684082031,
4999.9599609375,
4995.373046875,
184.00753784179688,
4999.52294921875,
4998.74853515625,
4999.34716796875,
204.02560424804688,
445.8626403808594,
4995.9296875,
4997.88330078125,
4997.494140625,
68.38613891601562,
570.6461791992188,
4998.22509765625,
275.4043884277344,
4997.66845703125,
4998.59326171875,
447.67449951171875,
4999.55029296875,
42.767967224121094,
4998.92236328125,
169.03387451171875,
4998.35400390625,
307.5186462402344,
4999.80517578125,
4999.6513671875,
177.29415893554688,
221.51821899414062,
4999.24658203125,
4993.76416015625,
4998.5908203125,
474.07391357421875,
160.22122192382812,
4998.220703125,
4999.13427734375,
351.38092041015625,
4999.3212890625,
748.1165161132812,
964.4324951171875,
4999.12353515625,
217.25758361816406,
2109.646484375,
4999.3525390625,
4999.9990234375,
251.11331176757812,
4996.42138671875,
4997.763671875,
77.95365905761719,
175.6939697265625,
66.64250183105469,
4997.1201171875,
4998.140625,
4993.3037109375,
4997.74365234375,
209.8895263671875,
139.38706970214844,
296.28631591796875,
191.6988067626953,
378.09332275390625,
182.99832153320312,
249.98622131347656,
4998.2568359375,
345.62481689453125,
4997.14990234375,
4998.45751953125,
401.0842590332031,
219.86473083496094,
472.0839538574219,
390.70538330078125,
4998.48291015625,
271.452392578125,
148.8072967529297,
177.44749450683594,
225.76614379882812,
246.46566772460938,
251.80958557128906,
4999.42626953125,
410.95068359375,
4998.6015625,
4994.89599609375,
4998.65087890625,
218.36289978027344,
503.93133544921875,
80.29476928710938,
4999.83349609375,
4999.7587890625,
4999.35205078125,
271.7881774902344,
564.9571533203125,
155.89346313476562,
4999.998046875,
4998.6767578125,
127.38207244873047,
223.5060577392578,
454.1522216796875,
99.54487609863281,
4994.07861328125,
4925.08447265625,
4996.7021484375,
4999.6142578125,
232.34381103515625,
272.8844299316406,
154.3692169189453,
412.0792236328125,
355.7540588378906,
130.37921142578125,
386.4318542480469,
4998.23828125,
69.61183166503906,
4997.18408203125,
494.6021423339844,
315.37518310546875,
147.7949981689453,
4999.84326171875,
129.25242614746094,
221.6988983154297,
4995.578125,
208.5525360107422,
246.49485778808594,
368.4444274902344,
4996.08642578125,
2282.36376953125,
4995.98486328125,
4997.73681640625,
4998.39990234375,
248.87103271484375,
4998.302734375,
259.7261657714844,
4999.41455078125,
358.4582214355469,
4999.2939453125,
91.46932220458984,
4999.19091796875,
74.24707794189453,
134.26693725585938,
159.01773071289062,
280.4637756347656,
82.82022857666016,
4998.49560546875,
502.9497985839844,
314.8968505859375,
331.03936767578125,
4999.9033203125,
1137.4884033203125,
4999.0166015625,
398.7047424316406,
341.4842834472656,
140.76480102539062,
251.67074584960938,
162.75662231445312,
4998.44140625,
4999.5458984375,
522.8173828125,
4998.533203125,
4999.74951171875,
158.8962860107422,
302.1061096191406,
600.1732788085938,
224.59361267089844,
4998.90283203125,
4996.50537109375,
164.10325622558594,
380.0519104003906,
4999.24951171875,
4990.55810546875,
4999.2919921875,
3520.031982421875,
281.98126220703125,
286.51068115234375,
4999.78271484375,
143.69618225097656,
264.81768798828125,
248.83145141601562,
4996.42626953125,
3863.76513671875,
254.623779296875,
199.63743591308594,
135.89694213867188,
111.82654571533203,
381.6708679199219,
201.27967834472656,
72.63225555419922,
4990.13330078125,
313.9690246582031,
4997.24072265625,
343.12432861328125,
177.99032592773438,
147.52574157714844,
4999.6181640625,
659.0447998046875,
216.79531860351562,
4999.3125,
4999.40576171875,
216.75054931640625,
241.12881469726562,
4999.86328125,
4999.21435546875,
4993.22265625,
273.7287902832031,
487.75628662109375,
189.52191162109375,
132.68165588378906,
529.23046875,
4999.80029296875,
248.5104217529297,
4999.9365234375,
531.4494018554688,
192.01544189453125,
295.16986083984375,
184.66424560546875,
377.7178955078125,
293.23431396484375,
4999.35205078125,
4999.1044921875,
4994.0859375,
4999.63818359375,
365.985595703125,
4999.16650390625,
143.48977661132812,
415.92987060546875,
415.03082275390625,
283.08404541015625,
440.309326171875,
683.455810546875,
454.7575988769531,
315.89202880859375,
159.43527221679688,
164.5618133544922,
989.21875,
787.8836669921875,
170.86138916015625,
107.08744049072266,
4994.1494140625,
4999.2822265625,
160.9577178955078,
368.8400573730469,
4999.61767578125,
395.5123596191406,
4999.34619140625,
4998.07568359375,
263.27789306640625,
476.7596435546875,
257.7002868652344,
302.5332946777344,
599.4485473632812,
196.91574096679688,
372.7140808105469,
4998.720703125,
276.75494384765625,
235.87307739257812,
4999.63818359375,
4999.794921875,
4999.69189453125,
294.8797302246094,
4998.6328125,
0.0,
294.2256164550781,
236.97430419921875,
85.94379425048828,
4253.9990234375,
239.92584228515625,
4999.46923828125,
452.36639404296875,
4998.94140625,
4998.72705078125,
479.4644775390625,
52.3498649597168,
496.2008972167969,
382.7298583984375,
4999.2744140625,
413.8906555175781,
184.14141845703125,
182.57247924804688,
4999.83251953125,
261.67901611328125,
186.18988037109375,
2749.708251953125,
299.35980224609375,
4997.50390625,
142.09829711914062,
3722.78564453125,
439.4830017089844,
464.2830505371094,
4996.68701171875,
251.44464111328125,
4999.88525390625,
190.15196228027344,
60.72576141357422,
4997.90283203125,
4999.365234375,
398.4635314941406,
4999.96923828125,
429.8318176269531,
244.05462646484375,
434.8759765625,
4998.74169921875,
4999.5908203125,
421.16387939453125,
155.74632263183594,
4997.5888671875,
4996.29052734375,
4999.5322265625,
47.79409408569336,
5.910421848297119,
4998.513671875,
4997.79833984375,
4471.41943359375,
4998.783203125,
249.55982971191406,
495.4378356933594,
244.2232208251953,
4999.7314453125,
4998.17333984375,
168.5243377685547,
370.0680847167969,
479.42449951171875,
374.1069641113281,
4998.62060546875,
4998.29345703125,
163.7465362548828,
636.305419921875,
608.5469360351562,
189.3964385986328,
192.22640991210938,
128.71649169921875,
368.6669006347656,
456.765625,
386.49627685546875,
4998.77099609375,
265.903564453125,
274.4344177246094,
636.1774291992188,
355.25238037109375,
4998.2685546875,
4999.59521484375,
366.4975891113281,
4999.49853515625,
325.7073974609375,
521.3353271484375,
240.53883361816406,
460.9267883300781,
218.55772399902344,
417.0296936035156,
215.48651123046875,
4999.306640625,
185.2063751220703,
87.49738311767578,
279.037841796875,
382.2360534667969,
177.24293518066406,
146.39627075195312,
243.59344482421875,
4999.6171875,
4998.9951171875,
4999.1015625,
270.833251953125,
642.0896606445312,
515.872802734375,
4999.39404296875,
4997.16259765625,
212.05140686035156,
25.34869956970215,
367.9213562011719,
4996.38330078125,
127.99053192138672,
314.4677734375,
848.3878784179688,
4998.72900390625,
4999.3671875,
4997.7138671875,
4999.470703125,
1355.9083251953125,
4999.494140625,
387.6812438964844,
165.84555053710938,
268.12713623046875,
4994.75,
511.9745178222656,
147.99632263183594,
573.703369140625,
1110.862548828125,
4999.6220703125,
45.7775993347168,
70.50078582763672,
443.60015869140625,
4999.41064453125,
4999.26513671875,
564.2887573242188,
256.2376403808594,
280.9370422363281,
221.20118713378906,
4999.056640625,
243.2995147705078,
304.03240966796875,
173.35891723632812,
4999.73291015625,
4998.98583984375,
4999.4296875,
4999.12158203125,
4998.83544921875,
98.97150421142578,
4998.2333984375,
193.85536193847656,
14.015076637268066,
205.28485107421875,
4998.74365234375,
152.49853515625,
113.77365112304688,
218.181884765625,
4998.8935546875,
4996.638671875,
278.1610107421875,
415.8433837890625,
219.54234313964844,
437.07061767578125,
617.6192016601562,
4998.4873046875,
1711.9290771484375,
4998.80810546875,
1850.82421875,
151.4934844970703,
4999.75146484375,
205.22889709472656,
4999.83056640625,
4999.8232421875,
4999.72021484375,
4998.07568359375,
4999.9609375,
466.1461486816406,
422.87774658203125,
387.0914001464844,
155.869140625,
4999.94091796875,
631.4721069335938,
511.2192687988281,
353.2672424316406,
245.1835174560547,
4999.81298828125,
105.11921691894531,
267.59796142578125,
965.865478515625,
174.2809600830078,
125.82167053222656,
417.4062194824219,
246.52684020996094,
4999.92236328125,
239.20071411132812,
204.70237731933594,
135.5141143798828,
62.2855339050293,
439.32421875,
354.9627380371094,
333.1114501953125,
206.99267578125,
199.39675903320312,
304.9107971191406,
241.11672973632812,
4997.890625,
414.52789306640625,
327.33721923828125,
4996.38623046875,
4999.52099609375,
4999.892578125,
4999.6484375,
1108.908203125,
512.2127075195312,
6.181748867034912,
207.5473175048828,
4995.240234375,
4998.71435546875,
306.64251708984375,
574.10693359375,
436.8204040527344,
137.530517578125,
4999.29443359375,
113.1220703125,
4999.87890625,
333.1971130371094,
207.38768005371094,
4998.51318359375,
433.4275817871094,
247.80386352539062,
136.09878540039062,
4998.06884765625,
440.0267639160156,
403.3632507324219,
234.88059997558594,
4999.86181640625,
4997.49267578125,
267.8403015136719,
97.80746459960938,
4999.7919921875,
4999.650390625,
4999.60302734375,
4999.767578125,
125.63192749023438,
104.8283462524414,
4999.830078125,
313.2498474121094,
313.06256103515625,
101.27960205078125,
303.1921081542969,
482.013427734375,
231.45269775390625,
109.63314056396484,
334.53515625,
317.2149658203125,
107.76585388183594,
298.42352294921875,
109.27385711669922,
208.8927459716797,
358.9566345214844,
4998.63818359375,
4999.9140625,
383.2964782714844,
211.7248077392578,
0.0,
165.75660705566406,
286.28533935546875,
116.54475402832031,
4997.7216796875,
650.8389282226562,
4999.96875,
384.23736572265625,
296.06512451171875,
4999.654296875,
278.8474426269531,
4999.74853515625,
158.2754669189453,
4997.71044921875,
328.2251892089844,
144.13525390625,
211.46592712402344,
4999.48486328125,
303.7599792480469,
4997.73046875,
4999.79736328125,
303.1182556152344,
4999.9072265625,
139.96533203125,
371.935791015625,
4997.482421875,
4999.09130859375,
198.17478942871094,
161.25912475585938,
4997.912109375,
4999.68359375,
2744.846435546875,
226.52178955078125,
440.2598571777344,
132.6449432373047,
144.40188598632812,
391.79608154296875,
241.3623046875,
137.4021759033203,
145.06192016601562,
200.7114715576172,
4999.8310546875,
4999.12939453125,
582.9470825195312,
65.06161499023438,
359.60052490234375,
562.5537719726562,
296.1138916015625,
4997.01025390625,
223.33888244628906,
304.7467956542969,
4999.38232421875,
149.80882263183594,
43.40398406982422,
249.1969757080078,
341.20458984375,
4999.30322265625,
109.70008087158203,
2961.3759765625,
619.333984375,
107.57382202148438,
328.98004150390625,
419.8824462890625,
100.78221893310547,
343.0227966308594,
4998.39208984375,
4999.52685546875,
144.73973083496094,
360.59954833984375,
4999.93798828125,
4998.08544921875,
240.90359497070312,
187.92135620117188,
95.16461181640625,
4999.61083984375,
160.1335906982422,
4998.2822265625,
4995.40234375,
311.09405517578125,
337.0967102050781,
228.8355255126953,
4994.7666015625,
259.1964111328125,
4998.12353515625,
4998.31787109375,
174.795166015625,
263.3524169921875,
226.94378662109375,
80.90896606445312,
262.0082702636719,
4997.1796875,
312.3670959472656,
451.2582092285156,
4993.142578125,
564.8080444335938,
198.45326232910156,
4998.82080078125,
4999.9287109375,
249.75582885742188,
174.65748596191406,
355.96099853515625,
132.59996032714844,
4999.3583984375,
323.3360290527344,
135.12744140625,
4998.55615234375,
177.09620666503906,
219.04220581054688,
4995.41552734375,
434.119873046875,
4998.18798828125,
261.0812072753906,
4998.9951171875,
4998.47265625,
4999.9599609375,
4998.033203125,
4998.61181640625,
578.6011962890625,
151.6427764892578,
109.26364135742188,
399.0052795410156,
135.65078735351562,
479.52801513671875,
207.58056640625,
4997.1748046875,
496.7947082519531,
586.2986450195312,
4997.51416015625,
4999.142578125,
4999.67626953125,
4997.185546875,
135.4580841064453,
4997.3056640625,
398.1164855957031,
380.2653503417969,
4997.21142578125,
381.32861328125,
247.17684936523438,
219.64920043945312,
328.6983642578125,
163.59693908691406,
600.836669921875,
4999.20849609375,
75.42488861083984,
115.83853912353516,
4999.05126953125,
504.5299377441406,
373.409912109375,
348.15679931640625,
4999.39404296875,
4997.35546875,
212.10523986816406,
634.2438354492188,
408.9686584472656,
327.402587890625,
127.6490249633789,
1305.7705078125,
229.85739135742188,
4998.04541015625,
306.38079833984375,
4999.40185546875,
4999.10546875,
176.38682556152344,
126.04208374023438,
316.29388427734375,
358.6004943847656,
4999.263671875,
1177.4083251953125,
4998.2587890625,
4998.68115234375,
198.02879333496094,
332.29638671875,
319.7406921386719,
960.9960327148438,
161.81680297851562,
4998.8935546875,
69.24188232421875,
310.5544128417969,
446.1734313964844,
537.1943359375,
4999.47119140625,
4999.96728515625,
30.792491912841797,
343.9122314453125,
1488.0916748046875,
213.70240783691406,
151.14306640625,
397.82843017578125,
384.0063171386719,
168.15455627441406,
0.0,
4999.24951171875,
4998.9580078125,
1805.07470703125,
4998.517578125,
4999.900390625,
385.6615905761719,
179.2537384033203,
4998.88671875,
120.85305786132812,
292.74725341796875,
4997.50830078125,
406.4521179199219,
4999.4326171875,
453.6719665527344,
302.11346435546875,
592.8585205078125,
218.0576629638672,
4999.4970703125,
4999.8369140625,
1227.37109375,
215.68069458007812,
136.81602478027344,
521.0165405273438,
118.3634033203125,
205.3550262451172,
4997.9326171875,
4999.501953125,
192.49171447753906,
4998.37841796875,
4998.14794921875,
31.44381332397461,
151.2657470703125,
197.68130493164062,
512.844482421875,
339.826171875,
4999.99072265625,
447.75665283203125,
173.74505615234375,
172.365478515625,
271.64410400390625,
339.2252502441406,
209.9672088623047,
4999.49365234375,
4999.6162109375,
4999.38232421875,
4999.24462890625,
4998.5849609375,
91.6618423461914,
322.3208312988281,
1410.8729248046875,
4998.68212890625,
216.5598602294922,
0.0,
376.1810607910156,
122.40306854248047,
142.5844268798828,
4998.49609375,
4999.1064453125,
338.9298400878906,
221.72755432128906,
404.7331848144531,
280.2254333496094,
387.1448974609375,
4992.7646484375,
4997.63427734375,
451.9020080566406,
259.6082458496094,
4999.61083984375,
433.00128173828125,
519.4690551757812,
127.66717529296875,
289.7237243652344,
352.5484313964844,
4999.255859375,
137.4835968017578,
314.0198669433594,
223.84121704101562,
217.5104522705078,
4998.45947265625,
4999.83740234375,
105.89268493652344,
426.54937744140625,
164.38685607910156,
134.1500244140625,
138.2682647705078,
337.70599365234375,
451.9582824707031,
191.02330017089844,
415.8653869628906,
4999.75146484375,
4999.359375,
4997.04150390625,
481.52496337890625,
159.79652404785156,
4998.8955078125,
400.4447937011719,
130.3513946533203,
259.5990295410156,
226.3452911376953,
4999.01904296875,
4998.04443359375,
4999.39306640625,
4997.49462890625,
4999.03271484375,
181.82789611816406,
790.8546142578125,
4999.994140625,
4992.76416015625,
4994.56689453125,
203.66058349609375,
393.146484375,
4999.4560546875,
83.68297576904297,
842.3128051757812,
167.37498474121094,
365.14788818359375,
159.7550048828125,
4999.5078125,
387.6627197265625,
74.85480499267578,
4999.05517578125,
247.25975036621094,
139.94845581054688,
4998.16357421875,
4999.814453125,
204.60903930664062,
584.43212890625,
4996.1376953125,
14.257027626037598,
74.91610717773438,
4999.62744140625,
154.87191772460938,
290.3047790527344,
136.16693115234375,
416.0772705078125,
4998.0517578125,
4995.666015625,
4999.60546875,
4996.84326171875,
52.955970764160156,
4999.36474609375,
221.3207550048828,
112.00812530517578,
314.27874755859375,
336.87457275390625,
4999.0048828125,
345.7373962402344,
4998.33642578125,
153.79307556152344,
87.52531433105469,
547.5603637695312,
577.0225830078125,
586.0614624023438,
362.5610656738281,
4999.75732421875,
545.9827270507812,
4999.1884765625,
113.4920425415039,
259.3002014160156,
153.0830078125,
4998.81689453125,
134.3749542236328,
159.73777770996094,
239.0739288330078,
4999.6630859375,
4999.18994140625,
307.4801330566406,
346.4637451171875,
4996.8125,
122.69844055175781,
4999.7490234375,
321.5506286621094,
953.3452758789062,
177.33734130859375,
387.7657165527344,
95.56779479980469,
291.8668212890625,
501.71990966796875,
322.4217224121094,
4997.6396484375,
351.68292236328125,
419.48583984375,
281.17144775390625,
408.3608093261719,
4998.89794921875,
130.6567840576172,
419.08319091796875,
4996.7978515625,
102.76492309570312,
4999.55419921875,
4998.81884765625,
307.81024169921875,
328.2820129394531,
410.66119384765625,
190.1947021484375,
139.00587463378906,
4999.857421875,
4998.23193359375,
432.63262939453125,
52.12249755859375,
4999.9912109375,
71.03377532958984,
375.1620788574219,
323.8504333496094,
348.8546447753906,
114.75794982910156,
349.3548889160156,
4997.86474609375,
4999.95703125,
4998.80712890625,
4998.9853515625,
202.37286376953125,
346.9866027832031,
128.5623321533203,
4999.59765625,
352.6890869140625,
236.71568298339844,
247.2655487060547,
166.04556274414062,
4999.3955078125,
4999.3857421875,
341.70184326171875,
177.50518798828125,
221.75506591796875,
4993.50537109375,
194.63844299316406,
157.75799560546875,
872.2529296875,
548.1455688476562,
122.34001159667969,
322.51092529296875,
388.35235595703125,
417.95562744140625,
883.7008666992188,
273.0205993652344,
4998.97216796875,
399.1423645019531,
4998.2080078125,
4999.16650390625,
4999.92724609375,
2599.30029296875,
181.73243713378906,
4998.50244140625,
557.7008056640625,
1718.972412109375,
4999.12060546875,
283.4984436035156,
638.956298828125,
197.28933715820312,
386.8851318359375,
120.27474975585938,
234.1743927001953,
4998.4111328125,
228.33702087402344,
319.4060363769531,
4998.62841796875,
836.416015625,
336.9959716796875,
4999.0478515625,
167.34075927734375,
4999.50146484375,
4998.18359375,
4998.19384765625,
4997.28857421875,
4999.62939453125,
4995.291015625,
1697.78955078125,
248.78009033203125,
504.27740478515625,
82.96995544433594,
4999.50390625,
502.5135192871094,
332.421875,
309.2624206542969,
711.3186645507812,
4999.748046875,
245.50657653808594,
525.5928344726562,
294.94146728515625,
598.5624389648438,
184.85812377929688,
892.7391967773438,
4998.5224609375,
234.42111206054688,
261.6099548339844,
4998.4755859375,
93.62004852294922,
244.41091918945312,
4999.2216796875,
214.31968688964844,
520.4742431640625,
271.1366882324219,
146.89752197265625,
4997.01513671875,
246.6322021484375,
125.60145568847656,
514.0806274414062,
4999.82177734375,
215.76197814941406,
4999.88916015625,
205.3945770263672,
4999.64111328125,
359.80853271484375,
109.0648422241211,
102.1568374633789,
95.18407440185547,
4999.10009765625,
4997.619140625,
4999.31591796875,
291.875,
309.9399108886719,
4999.75341796875,
455.83245849609375,
4998.646484375,
4997.30615234375,
1195.6806640625,
4999.7646484375,
250.712158203125,
280.994140625,
253.9546661376953,
4996.76953125,
4999.99072265625,
172.70375061035156,
4999.92578125,
371.5716857910156,
3059.441650390625,
0.0,
4998.45166015625,
294.34429931640625,
4999.25146484375,
406.7821960449219,
229.62611389160156,
2104.197021484375,
463.1731262207031,
217.51632690429688,
339.7840270996094,
0.0,
4996.88427734375,
465.4633483886719,
480.20330810546875,
4995.77978515625,
176.0373077392578,
4996.5986328125,
235.5414581298828,
249.07064819335938,
212.453369140625,
102.27288055419922,
4999.95703125,
4998.0009765625,
246.0301055908203,
513.3287353515625,
271.7164001464844,
282.9093933105469,
296.23236083984375,
70.67919158935547,
88.61571502685547,
48.28059387207031,
293.7049255371094,
253.29290771484375,
4998.02197265625,
1569.1580810546875,
4999.94140625,
699.2749633789062,
542.0985107421875,
139.14637756347656,
314.9168701171875,
205.48995971679688,
441.28924560546875,
179.160888671875,
4997.92431640625,
159.0272674560547,
152.84024047851562,
4998.85205078125,
373.8916320800781,
739.0455932617188,
275.33001708984375,
125.4731216430664,
322.9096984863281,
4996.76318359375,
289.1911315917969,
647.535400390625,
544.1845092773438,
227.42428588867188,
4996.9169921875,
181.73423767089844,
162.69207763671875,
4994.822265625,
384.0660400390625,
4999.2939453125,
42.81386947631836,
249.378173828125,
0.0,
192.4539031982422,
1679.1317138671875,
4998.8564453125,
179.12594604492188,
4998.36572265625,
142.90438842773438,
284.9963073730469,
4999.9970703125,
540.2766723632812,
719.97802734375,
4999.62646484375,
4999.193359375,
4999.275390625,
4999.82421875,
161.9763641357422,
4998.29736328125,
403.02581787109375,
4999.45849609375,
253.7179412841797,
408.4245300292969,
333.1402893066406,
4997.07763671875,
152.95639038085938,
4998.9697265625,
4998.16259765625,
226.99063110351562,
20.93010139465332,
79.87806701660156,
281.5232238769531,
4998.5869140625,
4997.0078125,
4997.2646484375,
282.11920166015625,
4997.84423828125,
174.042724609375,
316.3501281738281,
202.60086059570312,
122.04474639892578,
623.9425048828125,
377.9189147949219,
210.61814880371094,
265.893310546875,
4999.7236328125,
401.7593688964844,
4999.91943359375,
324.9794006347656,
416.74896240234375,
421.31866455078125,
134.6539306640625,
419.6634826660156,
4995.53173828125,
3260.382568359375,
423.53533935546875,
88.45973205566406,
4998.61669921875,
293.6490478515625,
4998.595703125,
1660.4183349609375,
294.5396423339844,
435.2576904296875,
126.1734390258789,
388.1776123046875,
159.2208251953125,
283.3295593261719,
136.01390075683594,
4995.81298828125,
400.6562805175781,
4996.81884765625,
290.0513000488281,
144.74807739257812,
646.2674560546875,
4051.01611328125,
483.1595153808594,
4999.77685546875,
4998.400390625,
318.5196838378906,
343.1817626953125,
82.87316131591797,
508.7825012207031,
866.8754272460938,
4999.79443359375,
4998.857421875,
2373.95263671875,
4998.19287109375,
153.44557189941406,
4999.404296875,
3546.953857421875,
4999.48095703125,
351.2694396972656,
461.99188232421875,
200.8470916748047,
4999.64111328125,
118.56391143798828,
4999.87744140625,
414.8136901855469,
201.7039031982422,
234.2010498046875,
568.7684326171875,
286.6077880859375,
4999.04052734375,
238.7628936767578,
125.58575439453125,
123.07728576660156,
519.4978637695312,
262.75665283203125,
4997.75244140625,
2086.427490234375,
203.2161407470703,
223.08529663085938,
312.58404541015625,
326.1757507324219,
472.7837829589844,
176.235595703125,
211.60679626464844,
83.12294006347656,
22.71489715576172,
245.38900756835938,
4999.83056640625,
4999.52294921875,
4996.044921875,
113.11769104003906,
94.68563842773438,
343.9541015625,
195.6315155029297,
321.198486328125,
459.7012634277344,
422.3057861328125,
4992.865234375,
4997.13134765625,
0.0,
4997.96630859375,
247.1213836669922,
227.67123413085938,
567.16064453125,
1605.399169921875,
4998.857421875,
4996.93701171875,
4998.83203125,
4999.7255859375,
160.99185180664062,
561.9133911132812,
4999.81640625,
256.9103088378906,
4999.9453125,
4998.67041015625,
196.24696350097656,
4998.73583984375,
4999.484375,
4995.96533203125,
4999.45947265625,
227.3905792236328,
4999.064453125,
451.52880859375,
0.0,
343.4613952636719,
130.11911010742188,
4998.42578125,
132.3280792236328,
3352.97314453125,
213.3497314453125,
226.50717163085938,
334.9325866699219,
141.74058532714844,
354.863525390625,
535.8389892578125,
4999.9501953125,
236.6636199951172,
519.0675048828125,
4998.1591796875,
82.7398681640625,
363.9560852050781,
228.6430206298828,
4999.1572265625,
349.219482421875,
259.0886535644531,
241.867919921875,
329.30462646484375,
88.20448303222656,
356.37091064453125,
116.96485900878906,
4998.2822265625,
998.8138427734375,
4998.119140625,
316.0132141113281,
4999.0107421875,
266.0625305175781,
236.13140869140625,
135.070068359375,
2096.001708984375,
80.2384262084961,
176.3104248046875,
4997.77099609375,
104.94313049316406,
263.32012939453125,
299.44976806640625,
187.35922241210938,
333.62884521484375,
192.54037475585938,
164.3048095703125,
57.40978240966797,
4997.8828125,
378.2849426269531,
129.79437255859375,
2460.5361328125,
260.5256042480469,
122.94395446777344,
4992.7626953125,
317.3426208496094,
185.90589904785156,
4999.94873046875,
4999.337890625,
207.9376678466797,
4997.775390625,
163.78427124023438,
3819.70751953125,
33.7045783996582,
4999.53857421875,
4999.9345703125,
306.7852478027344,
339.3979187011719,
437.04150390625,
215.9198455810547,
238.89083862304688,
4999.08056640625,
386.1824035644531,
1710.595458984375,
4999.8349609375,
324.17730712890625,
187.83843994140625,
388.6463317871094,
442.59844970703125,
278.8588562011719,
173.51197814941406,
63.67130661010742,
263.5137023925781,
4995.94775390625,
225.75099182128906,
266.5105285644531,
125.01168823242188,
247.05506896972656,
459.26239013671875,
2854.849609375,
4997.7421875,
291.0079040527344,
204.40118408203125,
147.04074096679688,
99.56670379638672,
4998.1572265625,
1068.0550537109375,
224.75437927246094,
350.47332763671875,
153.3639373779297,
310.0330810546875,
107.96820831298828,
4996.5859375,
364.8160705566406,
90.88768005371094,
145.75970458984375,
260.2578430175781,
282.6257019042969,
271.91741943359375,
646.3711547851562,
255.87628173828125,
4996.83447265625,
557.70703125,
158.0265655517578,
304.50006103515625,
399.6573486328125,
207.51004028320312,
4998.98779296875,
4998.6982421875,
128.50718688964844,
139.1821746826172,
21.81433868408203,
48.399391174316406,
303.7861022949219,
330.2973937988281,
208.13441467285156,
311.2224426269531,
160.55296325683594,
4998.77197265625,
207.69969177246094,
4994.59912109375,
4999.591796875,
2668.971923828125,
4998.42724609375,
682.4655151367188,
198.74435424804688,
4999.29541015625,
274.5451354980469,
312.1469421386719,
209.61158752441406,
4999.39404296875,
374.2764587402344,
272.6424560546875,
148.39187622070312,
436.3914794921875,
47.41255187988281,
4999.8701171875,
247.43313598632812,
4999.56201171875,
39.49467849731445,
114.96237182617188,
359.0476379394531,
215.2191162109375,
4999.4482421875,
152.06175231933594,
4999.97509765625,
4996.43115234375,
85.9616928100586,
4994.96435546875,
251.56637573242188,
436.76348876953125,
4999.98291015625,
375.6246643066406,
4999.76123046875,
263.53564453125,
240.50363159179688,
129.2749481201172,
4999.31689453125,
4999.26708984375,
316.49188232421875,
4999.97265625,
4999.06640625,
390.9344482421875,
728.1070556640625,
355.7948303222656,
328.2793273925781,
4995.98046875,
227.4792022705078,
173.54293823242188,
384.9045104980469,
136.29476928710938,
4995.34375,
100.67588806152344,
4999.56982421875,
4998.88330078125,
237.13999938964844,
4997.48583984375,
4999.126953125,
201.81190490722656,
143.1779327392578,
423.7262878417969,
165.77418518066406,
163.49305725097656,
311.43963623046875,
4999.3369140625,
215.74302673339844,
4998.26171875,
4996.609375,
329.98504638671875,
4999.29736328125,
369.0694885253906,
282.8750305175781,
274.7040710449219,
4999.64599609375,
328.9186706542969,
208.2125701904297,
412.6994934082031,
310.32891845703125,
4999.5244140625,
4998.294921875,
142.30126953125,
189.59063720703125,
4999.51953125,
839.6107177734375,
249.86550903320312,
4999.2998046875,
75.90327453613281,
421.4672546386719,
450.6817932128906,
245.56109619140625,
4999.32958984375,
186.05929565429688,
151.86927795410156,
4996.79150390625,
2463.713134765625,
4999.4248046875,
4992.87646484375,
735.267578125,
379.7882995605469,
434.6698913574219,
4999.2353515625,
142.8894805908203,
4999.7109375,
43.692989349365234,
196.62081909179688,
392.15631103515625,
194.5165252685547,
191.2588653564453,
4998.61279296875,
254.9592742919922,
269.0992431640625,
174.80331420898438,
4998.2294921875,
227.37884521484375,
4999.83837890625,
4999.56787109375,
319.42437744140625,
4996.6513671875,
162.85487365722656,
4999.1533203125,
170.09397888183594,
4998.56884765625,
4999.0859375,
2853.9921875,
140.1169891357422,
4999.95654296875,
50.043861389160156,
4998.75634765625,
4999.73828125,
4999.31494140625,
282.4756164550781,
299.08001708984375,
291.4021911621094,
378.4427795410156,
65.79995727539062,
4998.3095703125,
4997.7978515625,
4994.3564453125,
397.99957275390625,
172.48281860351562,
268.38818359375,
321.9510803222656,
159.58056640625,
138.45880126953125,
229.3046112060547,
113.56381225585938,
414.7816162109375,
4997.72802734375,
488.4551086425781,
4998.12548828125,
4996.111328125,
4999.75537109375,
356.4481201171875,
4999.21533203125,
343.28778076171875,
23.13503074645996,
4999.50439453125,
4999.55517578125,
102.66073608398438,
31.564870834350586,
4999.98779296875,
4999.4404296875,
100.73016357421875,
288.7625732421875,
337.952392578125,
4998.7373046875,
4999.7041015625,
220.52635192871094,
63.3061408996582,
305.7645568847656,
385.30572509765625,
404.2855529785156,
4999.75537109375,
334.3123779296875,
4998.892578125,
207.4976806640625,
210.0800323486328,
230.2881622314453,
4996.4609375,
100.69817352294922,
4999.82080078125,
361.4930419921875,
520.1226806640625,
4995.8720703125,
4999.076171875,
4998.5439453125,
621.2713623046875,
4999.81884765625,
4998.283203125,
149.13800048828125,
421.2361145019531,
4998.2373046875,
171.32400512695312,
4994.41552734375,
690.93994140625,
625.4505615234375,
86.31632995605469,
285.82220458984375,
212.16357421875,
434.44439697265625,
313.3137512207031,
478.3428955078125,
4999.751953125,
279.8326721191406,
321.6489562988281,
243.63092041015625,
535.8590087890625,
119.83971405029297,
203.53224182128906,
216.75161743164062,
4995.20068359375,
248.80398559570312,
4998.15087890625,
4999.74609375,
387.69757080078125,
380.2021179199219,
4998.64599609375,
391.77581787109375,
4999.88427734375,
130.60086059570312,
1698.341552734375,
259.4791564941406,
262.3885803222656,
16.357545852661133,
3552.342529296875,
4997.28466796875,
67.41773986816406,
4999.18896484375,
4997.58935546875,
4999.2978515625,
4997.49658203125,
4993.43310546875,
4999.8515625,
4993.29345703125,
4999.9853515625,
4999.28125,
4999.5048828125,
4999.9560546875,
269.7013244628906,
4997.2001953125,
4997.48876953125,
4996.58203125,
4997.72119140625,
407.00042724609375,
2529.23486328125,
269.532958984375,
4999.5,
4997.25439453125,
4997.84375,
4999.65234375,
4999.9013671875,
146.88792419433594,
4998.17138671875,
143.01747131347656,
609.0143432617188,
495.315185546875,
24.613489151000977,
448.7976379394531,
4999.556640625,
178.10479736328125,
345.91717529296875,
251.85557556152344,
4998.9775390625,
171.97525024414062,
192.14059448242188,
52.06232833862305,
1001.051513671875,
386.3627014160156,
225.7880401611328,
4999.2412109375,
4996.8076171875,
232.6468505859375,
4999.62255859375,
331.278076171875,
147.71762084960938,
174.63894653320312,
4999.6748046875,
4998.96240234375,
2005.9158935546875,
4998.26416015625,
278.2023620605469,
4998.28369140625,
153.9670867919922,
4996.01171875,
542.2232666015625,
462.9339904785156,
4997.5546875,
56.68031692504883,
4997.21435546875,
672.273193359375,
4999.88720703125,
4998.28759765625,
4999.41455078125,
355.9722900390625,
516.5953369140625,
1440.9107666015625,
176.3087921142578,
4999.4912109375,
257.55706787109375,
542.1807861328125,
306.24517822265625,
4996.98876953125,
448.6590881347656,
131.70994567871094,
612.6633911132812,
122.08493041992188,
65.84211730957031,
4999.931640625,
296.19573974609375,
423.65057373046875,
4999.31005859375,
324.38818359375,
4998.63916015625,
149.01100158691406,
4998.16796875,
368.0322570800781,
247.6025390625,
480.66680908203125,
88.60566711425781,
674.8265380859375,
261.4844970703125,
275.8796081542969,
512.7031860351562,
155.11538696289062,
4997.14794921875,
4998.86669921875,
205.25735473632812,
177.5801544189453,
4999.85791015625,
4999.513671875,
4998.986328125,
662.9656372070312,
4999.78369140625,
4996.55419921875,
414.88629150390625,
169.1688232421875,
4993.97216796875,
166.48089599609375,
4998.39306640625,
275.8627014160156,
4999.07275390625,
4998.68017578125,
209.01866149902344,
133.19871520996094,
612.671142578125,
4999.962890625,
439.847900390625,
155.63966369628906,
4999.26611328125,
449.62860107421875,
4999.41015625,
324.4259338378906,
278.26904296875,
143.9204559326172,
788.154296875,
4993.560546875,
949.7232666015625,
204.67271423339844,
326.17730712890625,
4998.857421875,
4998.02587890625,
4998.78271484375,
202.85519409179688,
392.0437927246094,
213.34788513183594,
790.8795166015625,
587.5494995117188,
4999.36962890625,
4998.77880859375,
670.7716064453125,
131.03543090820312,
482.9889221191406,
114.44224548339844,
414.83441162109375,
123.99267578125,
439.66986083984375,
89.50035095214844,
223.8742218017578,
4994.6376953125,
159.09371948242188,
142.4398651123047,
4999.5556640625,
443.6507568359375,
579.075927734375,
468.9163818359375,
205.3122100830078,
364.5722351074219,
497.2102966308594,
4998.1953125,
4999.0810546875,
65.46697235107422,
4999.86181640625,
4993.96435546875,
417.7193603515625,
4997.76806640625,
4999.984375,
4998.896484375,
4996.1181640625,
4999.5322265625,
4999.02001953125,
495.24627685546875,
528.1611938476562,
16.06745147705078,
404.0955810546875,
406.91455078125,
198.78298950195312,
267.9209899902344,
4994.03076171875,
525.130615234375,
190.0457305908203,
139.92469787597656,
4014.5966796875,
206.32540893554688,
191.2561492919922,
4999.63037109375,
4997.66259765625,
151.50071716308594,
4997.3779296875,
194.18231201171875,
4998.14990234375,
526.2308959960938,
178.5948028564453,
4997.2568359375,
205.21604919433594,
454.3036193847656,
156.32765197753906,
131.58096313476562,
201.2696075439453,
105.05226135253906,
167.61045837402344,
43.41067886352539,
126.07270812988281,
154.43341064453125,
849.7893676757812,
175.19015502929688,
322.4559631347656,
328.9680480957031,
194.60548400878906,
983.4686889648438,
72.91339111328125,
4999.73388671875,
4999.23095703125,
121.30074310302734,
559.7181396484375,
4997.78369140625,
2816.90234375,
607.4927978515625,
334.66552734375,
35.60673522949219,
492.9596862792969,
4997.53662109375,
4995.32373046875,
258.3662109375,
4999.74560546875,
506.2132263183594,
336.32489013671875,
370.5902404785156,
4998.8310546875,
4999.67333984375,
182.32730102539062,
4999.78369140625,
4999.4921875,
195.855224609375,
122.04498291015625,
346.1635437011719,
503.6635437011719,
4998.9462890625,
326.6392517089844,
404.558349609375,
172.69155883789062,
259.1228942871094,
4999.16943359375,
186.48558044433594,
4997.53369140625,
201.13223266601562,
4997.8203125,
4999.71923828125,
316.9798889160156,
1352.481201171875,
260.76300048828125,
155.11878967285156,
547.436767578125,
4998.572265625,
4999.9931640625,
414.2542724609375,
256.7722473144531,
358.99169921875,
197.89590454101562,
491.83795166015625,
714.5001220703125,
4999.2177734375,
4999.626953125,
481.25909423828125,
4999.87548828125,
405.2501220703125,
129.0452423095703,
632.4532470703125,
260.88677978515625,
4999.32080078125,
325.7911071777344,
411.9472351074219,
459.60650634765625,
4999.77978515625,
538.8216552734375,
4999.37890625,
4999.81640625,
4996.40087890625,
96.23592376708984,
4999.4814453125,
4998.1982421875,
4999.59814453125,
274.7392578125,
237.36439514160156,
4998.36181640625,
4999.03369140625,
64.86929321289062,
4997.6484375,
4999.8564453125,
509.28350830078125,
346.3594055175781,
4999.43310546875,
4998.40576171875,
334.42474365234375,
4997.37353515625,
4999.98291015625,
4535.505859375,
258.79034423828125,
230.542236328125,
4999.87353515625,
124.88324737548828,
65.91342163085938,
165.06643676757812,
567.9164428710938,
4999.576171875,
644.01611328125,
190.4192657470703,
564.772216796875,
472.9563903808594,
453.8971252441406,
4999.97412109375,
84.22335815429688,
418.1136779785156,
262.54534912109375,
4999.37109375,
157.8868408203125,
251.27545166015625,
144.4223175048828,
4996.45849609375,
4998.892578125,
719.4540405273438,
4997.62744140625,
4996.64111328125,
238.46746826171875,
280.17205810546875,
274.330078125,
217.73416137695312,
4998.48974609375,
1360.5631103515625,
4999.2412109375,
433.8724365234375,
4999.68408203125,
107.02755737304688,
451.7877197265625,
457.21881103515625,
4998.037109375,
433.66510009765625,
4993.74658203125,
242.73873901367188,
4999.5205078125,
4999.96435546875,
135.3653106689453,
428.4305725097656,
260.52178955078125,
299.2154541015625,
422.18353271484375,
4999.14892578125,
283.4807434082031,
3231.67626953125,
4999.96533203125,
707.1935424804688,
210.74996948242188,
4997.43505859375,
296.87017822265625,
279.3199768066406,
237.03717041015625,
4999.92919921875,
4998.5341796875,
4999.8740234375,
4999.939453125,
415.9546813964844,
130.18124389648438,
899.6129150390625,
150.06089782714844,
149.9905242919922,
122.62859344482422,
240.12437438964844,
199.62062072753906,
4996.38623046875,
4998.65478515625,
4993.294921875,
148.29518127441406,
233.5364532470703,
4997.23681640625,
4999.462890625,
187.07977294921875,
323.1302795410156,
123.17005920410156,
220.1877899169922,
153.38336181640625,
425.2067565917969,
4999.220703125,
541.935791015625,
4998.86962890625,
4999.08056640625,
4998.849609375,
285.2399597167969,
4990.66796875,
4999.71728515625,
252.0823974609375,
200.82716369628906,
342.6236572265625,
183.87364196777344,
310.66021728515625,
4999.51611328125,
151.53823852539062,
4999.10595703125,
255.04327392578125,
365.0276184082031,
376.7881774902344,
350.2264099121094,
4999.578125,
1589.362060546875,
219.97686767578125,
217.43675231933594,
531.2307739257812,
96.38484954833984,
180.2766876220703,
4995.640625,
295.5480651855469,
615.0598754882812,
420.3241271972656,
107.37126159667969,
240.0299530029297,
123.3478012084961,
177.08319091796875,
108.15355682373047,
493.99310302734375,
318.9787292480469,
4999.8828125,
320.0296936035156,
371.5205383300781,
363.2427978515625,
242.15866088867188,
4999.51806640625,
136.671875,
4997.44140625,
328.97857666015625,
330.4515075683594,
4996.80908203125,
4999.82421875,
650.3682250976562,
125.16263580322266,
325.9345397949219,
145.21238708496094,
100.41643524169922,
269.80487060546875,
355.01702880859375,
227.18885803222656,
4997.00927734375,
291.58673095703125,
4999.11328125,
384.09454345703125,
449.4592590332031,
13.089632987976074,
129.63633728027344,
4999.68115234375,
553.6510009765625,
508.0157775878906,
4997.52099609375,
4999.21044921875,
4998.37939453125,
4999.84228515625,
4998.50048828125,
225.35350036621094,
4999.62353515625,
246.44984436035156,
2247.239990234375,
310.5364074707031,
173.5451202392578,
185.38372802734375,
320.9742736816406,
4174.791015625,
294.68145751953125,
336.0827941894531,
4998.89306640625,
234.77305603027344,
4998.27685546875,
191.54470825195312,
172.25633239746094,
36.37240219116211,
178.37716674804688,
4998.44384765625,
4999.865234375,
4999.59326171875,
427.4653625488281,
4999.671875,
4999.6337890625,
4994.265625,
140.61077880859375,
59.38987731933594,
4999.7021484375,
4997.8017578125,
183.08885192871094,
4999.8818359375,
4995.18798828125,
259.6483154296875,
4996.4423828125,
102.0909194946289,
4999.5224609375,
4999.5390625,
120.83277130126953,
4999.47705078125,
115.22898864746094,
4998.7900390625,
249.49411010742188,
381.9041442871094,
94.34614562988281,
180.11354064941406,
175.81158447265625,
4997.158203125,
4998.85595703125,
231.55062866210938,
0.0,
4999.271484375,
4999.9580078125,
420.14630126953125,
381.99786376953125,
132.69140625,
181.6761474609375,
397.92138671875,
537.8350830078125,
91.70093536376953,
367.3692932128906,
264.9105224609375,
190.6624298095703,
243.62921142578125,
4996.5966796875,
305.4112243652344,
4997.896484375,
8.506318092346191,
154.97840881347656,
4995.71044921875,
338.7116394042969,
4999.3212890625,
4997.8798828125,
447.5548095703125,
4999.9296875,
4999.390625,
155.07984924316406,
426.6951599121094,
275.54736328125,
272.66839599609375,
529.2523193359375,
4998.51220703125,
224.12705993652344,
184.913818359375,
182.0629119873047,
710.74462890625,
4999.9775390625,
87.31623077392578,
399.92730712890625,
4998.3662109375,
43.187042236328125,
433.7041931152344,
224.03207397460938,
592.4188232421875,
4999.6416015625,
466.929931640625,
538.7056274414062,
144.20994567871094,
218.0444793701172,
420.8491516113281,
4998.31396484375,
220.173095703125,
483.6557922363281,
383.2716064453125,
522.8890380859375,
295.75665283203125,
1856.3690185546875,
4995.5224609375,
306.725341796875,
559.8837890625,
125.54745483398438,
352.9942321777344,
4999.849609375,
4999.912109375,
229.82635498046875,
392.9399108886719,
95.14543151855469,
344.5423278808594,
4999.75341796875,
4999.69580078125,
453.62518310546875,
4999.43115234375,
261.55181884765625,
4999.9521484375,
416.5329895019531,
581.74853515625,
362.50860595703125,
373.04144287109375,
394.8802795410156,
246.35357666015625,
237.5337677001953,
412.8634338378906,
27.193960189819336,
437.6278076171875,
374.1763916015625,
4995.85888671875,
188.27394104003906,
4997.634765625,
106.1720199584961,
4993.09130859375,
4999.96728515625,
4998.45361328125,
143.2274627685547,
4998.4521484375,
459.9305419921875,
426.2794189453125,
407.6285400390625,
4999.47314453125,
134.15679931640625,
231.31121826171875,
119.3134994506836,
4999.05078125,
347.2073974609375,
217.2313995361328,
83.6883773803711,
169.4149932861328,
79.88302612304688,
333.2206726074219,
0.0,
685.0795288085938,
580.4635009765625,
496.9692687988281,
153.27894592285156,
226.44403076171875,
401.79791259765625,
4996.88134765625,
973.7373046875,
282.53253173828125,
249.2403106689453,
236.8809051513672,
112.2289810180664,
4998.35302734375,
266.464599609375,
169.69442749023438,
4999.0927734375,
2921.7216796875,
4999.70068359375,
453.022705078125,
121.77317810058594,
146.9679412841797,
2606.597412109375,
110.02149200439453,
196.8665008544922,
241.60267639160156,
163.18455505371094,
0.0,
282.0286865234375,
399.49249267578125,
4998.03125,
4997.42529296875,
4997.62890625,
4999.86474609375,
4997.6787109375,
4999.0390625,
4999.24560546875,
370.71673583984375,
314.92236328125,
404.5305480957031,
264.5316467285156,
164.0400390625,
344.5753479003906,
129.63108825683594,
4998.875,
209.17665100097656,
106.8717269897461,
339.7984924316406,
152.10194396972656,
566.5499267578125,
719.07373046875,
207.9661865234375,
4994.515625,
196.85797119140625,
627.384033203125,
4999.9462890625,
601.1536865234375,
201.81739807128906,
485.2901916503906,
106.29013061523438,
4997.35009765625,
4993.830078125,
241.90480041503906,
568.1882934570312,
474.0610656738281,
4996.71533203125,
326.921142578125,
428.2986145019531,
4998.77197265625,
114.4986572265625,
4998.37158203125,
131.33493041992188,
675.1293334960938,
276.72314453125,
399.7393798828125,
4999.70361328125,
309.75152587890625,
4997.62060546875,
491.70245361328125,
201.0420684814453,
159.4099884033203,
301.3641052246094,
4997.974609375,
281.7215576171875,
69.3441162109375,
483.45166015625,
4998.46533203125,
222.05812072753906,
187.33033752441406,
298.82891845703125,
20.537681579589844,
61.55046463012695,
541.1158447265625,
350.9029235839844,
268.20947265625,
419.2367248535156,
244.73780822753906,
16.137269973754883,
224.5123748779297,
210.64205932617188,
182.6446075439453,
500.2529602050781,
301.4596862792969,
351.15289306640625,
568.24951171875,
462.34173583984375,
800.1271362304688,
4999.607421875,
227.87879943847656,
4998.6337890625,
4999.6318359375,
265.1654357910156,
4996.732421875,
83.22759246826172,
155.3325958251953,
4999.9169921875,
93.80389404296875,
506.1425476074219,
728.3790893554688,
4998.85107421875,
229.14175415039062,
4999.2548828125,
2915.9765625,
154.8587646484375,
4995.806640625,
152.97108459472656,
183.10629272460938,
86.45587921142578,
513.8556518554688,
422.694091796875,
3468.906982421875,
4986.1220703125,
4999.20556640625,
198.4162139892578,
302.82781982421875,
315.4064636230469,
525.2489013671875,
238.08445739746094,
4999.68798828125,
293.9709777832031,
171.74159240722656,
440.6103210449219,
296.0680236816406,
207.15048217773438,
4998.81494140625,
514.2352905273438,
85.56280517578125,
0.0,
205.2027587890625,
208.60728454589844,
4999.71533203125,
164.85769653320312,
657.6450805664062,
332.60186767578125,
252.77932739257812,
358.5815734863281,
443.4930725097656,
293.8378601074219,
4996.02734375,
229.10525512695312,
372.2894592285156,
4994.40771484375,
175.95318603515625,
4998.599609375,
214.9267120361328,
705.7807006835938,
195.89480590820312,
238.10963439941406,
4999.4658203125,
4999.5439453125,
325.2819519042969,
4999.78955078125,
4997.87109375,
69.66395568847656,
4994.92236328125,
423.15924072265625,
4997.68115234375,
105.61641693115234,
468.12591552734375,
101.23188781738281,
4999.03125,
347.70062255859375,
213.9089813232422,
362.4624328613281,
321.0124206542969,
677.0806884765625,
168.81748962402344,
301.77239990234375,
322.8805847167969,
154.4780731201172,
4998.40283203125,
4995.32080078125,
393.0782165527344,
4999.5615234375,
276.3555908203125,
4997.5078125,
4999.947265625,
4995.7607421875,
613.3294067382812,
576.7910766601562,
263.1215515136719,
141.73257446289062,
193.00120544433594,
273.9036865234375,
4996.4736328125,
629.986328125,
199.00823974609375,
370.0515441894531,
288.369384765625,
465.9733581542969,
125.21125793457031,
4998.33251953125,
4999.62646484375,
430.8821105957031,
261.0166931152344,
362.1109313964844,
314.17413330078125,
415.20458984375,
190.35830688476562,
4998.54736328125,
270.3223571777344,
4997.30810546875,
213.53367614746094,
74.5899887084961,
4996.77294921875,
350.9823913574219,
309.2663879394531,
216.041748046875,
90.9836196899414,
4998.6455078125,
125.40625,
4999.06201171875,
664.3155517578125,
130.5569610595703,
4996.99462890625,
421.9568176269531,
350.52392578125,
4996.97900390625,
4999.427734375,
4996.39111328125,
330.3581237792969,
323.0655822753906,
405.1396789550781,
323.3580322265625,
128.85365295410156,
606.623046875,
26.010644912719727,
4997.59423828125,
111.90752410888672,
4999.9794921875,
458.80206298828125,
583.823486328125,
250.76699829101562,
4998.3623046875,
4999.79248046875,
4997.8359375,
515.9714965820312,
429.3204040527344,
309.2851257324219,
553.8882446289062,
206.60910034179688,
129.32379150390625,
567.7272338867188,
235.7610321044922,
61.90599822998047,
4997.9130859375,
4999.8134765625,
355.81353759765625,
424.8264465332031,
4999.9345703125,
427.1783142089844,
4998.33740234375,
541.79541015625,
747.1394653320312,
617.2693481445312,
4998.92822265625,
575.87744140625,
270.62738037109375,
4999.80126953125,
419.4295349121094,
127.19412994384766,
4999.5888671875,
4999.94677734375,
4997.45166015625,
455.29901123046875,
798.2450561523438,
4999.27734375,
328.8837890625,
407.2301330566406,
4999.8720703125,
186.4744873046875,
537.3599243164062,
153.0854949951172,
870.7461547851562,
4999.90087890625,
368.7254943847656,
37.5420036315918,
4996.4189453125,
127.64677429199219,
389.17889404296875,
102.94921875,
98.27043151855469,
4997.4521484375,
92.99465942382812,
195.74871826171875,
75.45931243896484,
4999.8642578125,
249.49383544921875,
4994.01953125,
474.8287048339844,
256.5928039550781,
737.7415161132812,
4999.86474609375,
4999.9736328125,
227.80531311035156,
4998.19140625,
93.3696060180664,
468.6892395019531,
338.04254150390625,
274.7796630859375,
74.42140197753906,
296.7707214355469,
4998.943359375,
291.2353515625,
362.77850341796875,
158.90895080566406,
4999.3564453125,
4999.205078125,
481.5554504394531,
213.65509033203125,
408.90618896484375,
196.60191345214844,
242.7192840576172,
255.1121826171875,
4999.7109375,
4999.3095703125,
206.42401123046875,
515.748291015625,
4998.94873046875,
96.39753723144531,
1681.732177734375,
4999.81982421875,
4998.87353515625,
4998.88037109375,
191.60145568847656,
4999.8115234375,
4999.515625,
4998.42138671875,
246.09329223632812,
4999.39208984375,
4999.91162109375,
375.687744140625,
4999.25048828125,
4999.0224609375,
4999.73828125,
940.1298217773438,
4999.869140625,
300.2848815917969,
236.18077087402344,
509.3456115722656,
4998.74462890625,
1166.7161865234375,
135.66859436035156,
738.97705078125,
105.29010772705078,
121.2378158569336,
4998.0419921875,
311.6333312988281,
425.36895751953125,
4998.6162109375,
4999.072265625,
4996.470703125,
228.5091552734375,
4999.056640625,
4999.7353515625,
1708.38232421875,
261.7312927246094,
271.4288635253906,
750.77978515625,
219.901611328125,
4999.8671875,
291.1117858886719,
2376.889892578125,
4999.892578125,
257.0130310058594,
452.1477355957031,
151.66726684570312,
54.89077377319336,
195.85882568359375,
4998.91845703125,
4999.255859375,
265.7810974121094,
61.38518524169922,
358.08905029296875,
4999.1875,
173.5098419189453,
211.3115692138672,
4998.78955078125,
135.2144012451172,
4999.5478515625,
2234.6396484375,
238.0170135498047,
461.42919921875,
280.6517333984375,
4998.4208984375,
270.4490051269531,
122.35055541992188,
4999.66552734375,
424.0650329589844,
4999.8798828125,
123.00128936767578,
4998.93408203125,
288.7767639160156,
147.9126739501953,
525.408203125,
4998.9072265625,
74.25554656982422,
264.4830322265625,
503.0743713378906,
547.5233154296875,
4998.14208984375,
4998.50732421875,
242.94937133789062,
326.19342041015625,
269.6760559082031,
544.1838989257812,
161.365478515625,
4998.01220703125,
702.7522583007812,
68.30618286132812,
116.7533187866211,
4999.66552734375,
4999.94677734375,
299.5518798828125,
1439.3349609375,
844.4887084960938,
447.05975341796875,
78.1531982421875,
4997.849609375,
603.9255981445312,
4998.8837890625,
4998.51611328125,
155.9022979736328,
127.76852416992188,
4996.40771484375,
4999.3916015625,
86.49130249023438,
364.5335693359375,
87.11141204833984,
601.91650390625,
367.471923828125,
227.08364868164062,
254.2106170654297,
4999.42529296875,
184.50782775878906,
4995.802734375,
62.08903884887695,
361.0404357910156,
486.7974853515625,
138.5410919189453,
176.79769897460938,
283.1138610839844,
172.02857971191406,
374.54144287109375,
255.07533264160156,
4999.91064453125,
270.351318359375,
280.21929931640625,
4995.6533203125,
513.3030395507812,
415.7469787597656,
260.5821533203125,
332.11187744140625,
269.1349182128906,
302.3491516113281,
402.22247314453125,
518.8914184570312,
229.9141845703125,
544.894775390625,
76.43254089355469,
4992.4970703125,
4993.14697265625,
72.08798217773438,
301.0315856933594,
4999.55517578125,
4999.54931640625,
208.05355834960938,
150.65194702148438,
124.41801452636719,
208.27517700195312,
4999.96240234375,
294.8812561035156,
2803.1748046875,
176.0463104248047,
154.83517456054688,
769.2334594726562,
576.3533935546875,
4999.27587890625,
145.91551208496094,
4999.17431640625,
4999.3505859375,
4998.681640625,
4999.98388671875,
317.5410461425781,
4998.35546875,
4999.00634765625,
4999.92431640625,
4999.35693359375,
327.4374084472656,
379.8991394042969,
4998.62158203125,
239.15101623535156,
303.7733459472656,
4999.48388671875,
4999.9736328125,
221.57061767578125,
230.1429443359375,
108.27821350097656,
452.8627014160156,
115.81657409667969,
177.3295135498047,
401.8323059082031,
253.16197204589844,
4998.8916015625,
732.8171997070312,
4998.818359375,
1897.9825439453125,
224.11256408691406,
317.96588134765625,
4999.36572265625,
4999.98681640625,
4997.0576171875,
239.13050842285156,
245.7560272216797,
566.0343627929688,
653.4563598632812,
4999.8525390625,
290.77679443359375,
4997.978515625,
292.6125793457031,
146.59939575195312,
538.8512573242188,
4999.94970703125,
393.776123046875,
255.73587036132812,
436.537109375,
4999.9375,
263.9068908691406,
4999.375,
429.492919921875,
568.8078002929688,
4998.9130859375,
363.6206359863281,
53.439762115478516,
4999.9130859375,
4999.79248046875,
4999.916015625,
139.71568298339844,
568.6141967773438,
177.21609497070312,
4999.31884765625,
289.0542907714844,
4998.9091796875,
437.733642578125,
125.51240539550781,
4999.56494140625,
332.2492980957031,
154.49452209472656,
309.93603515625,
46.08586883544922,
223.6898956298828,
81.17384338378906,
109.5401611328125,
4998.484375,
554.0623779296875,
4997.2861328125,
2711.1201171875,
183.77078247070312,
186.5436553955078,
4999.88916015625,
163.33059692382812,
0.0,
4999.50634765625,
279.33740234375,
493.8204040527344,
203.1971435546875,
4998.494140625,
4077.4443359375,
4999.70166015625,
232.35845947265625,
277.07086181640625,
332.51275634765625,
4998.07470703125,
261.4298095703125,
508.2898254394531,
761.7334594726562,
90.96788024902344,
4999.6923828125,
309.6727294921875,
4999.93212890625,
118.0378189086914,
93.83519744873047,
4999.3671875,
452.63043212890625,
4995.3115234375,
4999.96728515625,
7.287726879119873,
389.9878234863281,
363.87115478515625,
581.1339111328125,
256.5243835449219,
92.88106536865234,
176.7519073486328,
222.84922790527344,
4999.1875,
337.2462463378906,
4993.11083984375,
510.7628173828125,
647.2603759765625,
364.5671691894531,
4999.0517578125,
286.5611267089844,
226.36476135253906,
483.7886047363281,
199.32057189941406,
155.3144989013672,
190.4299774169922,
578.9749755859375,
327.22943115234375,
169.4261932373047,
2826.089599609375,
4999.9765625,
182.92396545410156,
516.08349609375,
4999.43994140625,
1965.3599853515625,
162.3965301513672,
4999.78369140625,
384.4382629394531,
349.15106201171875,
4998.80712890625,
185.74685668945312,
221.12608337402344,
4998.4833984375,
4999.29443359375,
448.3481750488281,
4995.77587890625,
279.3734436035156,
4997.63671875,
30.82939338684082,
0.0,
4996.150390625,
46.062129974365234,
4997.0625,
247.6195831298828,
129.3553466796875,
166.23731994628906,
224.17124938964844,
4998.3623046875,
4999.01025390625,
4998.240234375,
1079.87451171875,
292.4996643066406,
311.3975830078125,
4995.6171875,
4999.615234375,
137.7706298828125,
4996.52490234375,
259.1220397949219,
307.6020812988281,
4999.85302734375,
4999.36572265625,
181.13900756835938,
290.41510009765625,
363.3072814941406,
4999.9453125,
190.05380249023438,
237.69793701171875,
425.9617004394531,
161.4249725341797,
4999.76611328125,
4999.1279296875,
4999.56494140625,
230.53709411621094,
654.6468505859375,
521.0775146484375,
272.2643737792969,
317.9166564941406,
4997.263671875,
4999.70947265625,
4999.3271484375,
4998.54052734375,
4999.2841796875,
211.79629516601562,
290.19091796875,
437.0079650878906,
207.42654418945312,
4999.97900390625,
396.10455322265625,
238.3202667236328,
178.7455596923828,
45.754547119140625,
272.39715576171875,
287.5151672363281,
4998.888671875,
4999.83837890625,
155.58343505859375,
186.86643981933594,
299.46405029296875,
4995.8994140625,
4998.837890625,
418.39532470703125,
381.0875244140625,
143.35855102539062,
346.8243713378906,
4999.32080078125,
188.2293701171875,
298.55535888671875,
437.7347412109375,
4999.8095703125,
286.82659912109375,
773.2928466796875,
341.1448974609375,
399.8069763183594,
413.21954345703125,
4997.755859375,
4999.50048828125,
437.94378662109375,
223.97012329101562,
316.7026672363281,
326.3768615722656,
4999.943359375,
420.48895263671875,
4999.98193359375,
140.6551971435547,
4998.3212890625,
4998.8955078125,
4998.9931640625,
179.50242614746094,
610.6217041015625,
515.005859375,
137.36474609375,
211.98179626464844,
4998.318359375,
340.0419006347656,
420.5872802734375,
4993.1787109375,
249.88548278808594,
336.6363220214844,
374.0628967285156,
4999.89453125,
282.1032409667969,
235.5752410888672,
4996.9892578125,
255.71644592285156,
295.9584655761719,
4999.67529296875,
4999.04248046875,
379.3064270019531,
4996.7978515625,
213.68746948242188,
175.97462463378906,
4998.3056640625,
4997.99462890625,
110.5434799194336,
658.5020751953125,
393.4936218261719,
4999.44580078125,
183.43701171875,
202.9727325439453,
419.46826171875,
235.59681701660156,
4998.77197265625,
61.4763298034668,
116.2325210571289,
4999.45166015625,
4998.4619140625,
4999.54833984375,
4998.0419921875,
4997.4853515625,
4996.71240234375,
109.87245178222656,
228.83946228027344,
4998.513671875,
93.08507537841797,
4999.96875,
168.86695861816406,
356.8983154296875,
4998.85107421875,
223.5603790283203,
4998.04833984375,
2265.85986328125,
136.01051330566406,
274.9380798339844,
204.9259033203125,
168.1815185546875,
441.63897705078125,
430.1121826171875,
325.2505798339844,
4997.69091796875,
170.9501190185547,
4999.1298828125,
184.16587829589844,
212.00389099121094,
174.76681518554688,
4999.0947265625,
4999.73046875,
150.53492736816406,
4998.90625,
4996.04248046875,
4999.18603515625,
0.0,
186.53065490722656,
156.3979949951172,
461.5934143066406,
4998.453125,
365.1114501953125,
277.2815246582031,
332.5206604003906,
4997.58984375,
458.703125,
4999.16943359375,
256.42578125,
0.0,
393.610595703125,
4999.951171875,
186.09219360351562,
4999.89111328125,
299.0504455566406,
507.92315673828125,
313.01397705078125,
397.5937805175781,
202.51329040527344,
399.96405029296875,
4999.67578125,
4999.9873046875,
4999.88818359375,
46.40827178955078,
4996.63427734375,
4998.57373046875,
4999.72412109375,
227.51393127441406,
169.43728637695312,
2604.69091796875,
171.927978515625,
293.52227783203125,
316.7151184082031,
432.49114990234375,
128.22305297851562,
4996.45556640625,
170.55926513671875,
143.12208557128906,
4998.55126953125,
366.5628662109375,
225.13998413085938,
4998.30078125,
296.7707824707031,
379.9847106933594,
121.31888580322266,
634.4617919921875,
120.31121063232422,
4999.98583984375,
145.74440002441406,
4995.42578125,
310.709716796875,
288.6155700683594,
263.9335021972656,
360.2762756347656,
261.65338134765625,
4998.162109375,
4999.27099609375,
990.9265747070312,
343.9678649902344,
4998.7060546875,
709.8997192382812,
118.6289291381836,
209.55740356445312,
245.97396850585938,
118.13335418701172,
295.0084533691406,
127.65380859375,
4998.60498046875,
4998.65673828125,
395.85711669921875,
70.02095794677734,
239.5509033203125,
4999.681640625,
146.05166625976562,
159.93617248535156,
134.2185821533203,
4999.33349609375,
546.7138671875,
81.6511459350586,
276.03680419921875,
87.18902587890625,
558.1214599609375,
4993.41064453125,
4999.8447265625,
4998.658203125,
243.57183837890625,
121.19696044921875,
112.05753326416016,
4999.93603515625,
370.5509033203125,
4998.06298828125,
439.0671691894531,
211.44161987304688,
320.5713806152344,
278.56591796875,
4998.08447265625,
4999.78564453125,
104.86976623535156,
355.24761962890625,
394.86376953125,
370.7906188964844,
4998.8583984375,
28.199018478393555,
662.6796875,
4999.6591796875,
670.769287109375,
477.9295349121094,
672.0913696289062,
4999.9873046875,
4999.95654296875,
387.5274353027344,
4998.00830078125,
505.8843688964844,
264.9447021484375,
300.7038879394531,
338.103515625,
4999.54052734375,
254.76788330078125,
568.0028076171875,
954.8975830078125,
120.27931213378906,
4999.0078125,
718.754638671875,
336.43609619140625,
102.08317565917969,
247.74969482421875,
466.5412902832031,
4999.3037109375,
245.79263305664062,
152.5681915283203,
168.9375762939453,
4999.69091796875,
4999.0390625,
4995.90771484375,
4999.4140625,
297.1242370605469,
625.8760375976562,
102.78392028808594,
110.46965026855469,
4995.98583984375,
4997.85888671875,
4999.8828125,
212.55035400390625,
407.5885009765625,
4992.46875,
4999.2265625,
502.6224670410156,
153.9935302734375,
4999.353515625,
4999.564453125,
382.34564208984375,
108.7847900390625,
4999.9921875,
434.77044677734375,
90.92581176757812,
581.3367919921875,
137.72926330566406,
4999.9892578125,
4999.568359375,
265.89630126953125,
144.01890563964844,
253.10665893554688,
1453.1680908203125,
140.5769805908203,
469.3305969238281,
1316.1527099609375,
240.1835174560547,
660.3143920898438,
185.30760192871094,
4999.5458984375,
244.68844604492188,
3797.509765625,
615.7626953125,
511.916259765625,
374.9031982421875,
4997.0537109375,
4999.4921875,
4999.6494140625,
422.77142333984375,
162.93858337402344,
4998.66650390625,
255.93898010253906,
167.34658813476562,
395.9800109863281,
112.4239730834961,
69.08512878417969,
4999.27490234375,
4999.13232421875,
4999.9150390625,
4995.4951171875,
499.6161804199219,
4997.9130859375,
4999.251953125,
142.7342529296875,
281.90625,
430.9407043457031,
211.45147705078125,
328.07977294921875,
713.5350341796875,
342.3321838378906,
4999.7529296875,
436.4835510253906,
554.8939208984375,
272.4552307128906,
205.48960876464844,
300.97198486328125,
357.89434814453125,
159.93174743652344,
233.7614288330078,
206.8537139892578,
537.3382568359375,
170.2881317138672,
4999.8896484375,
443.61456298828125,
117.66441345214844,
4994.16650390625,
377.2894592285156,
286.1180725097656,
121.77238464355469,
4996.37255859375,
116.60371398925781,
48.23562240600586,
264.037109375,
641.6976318359375,
60.073646545410156,
4999.630859375,
466.326904296875,
332.89923095703125,
320.2643737792969,
450.1107482910156,
226.9066162109375,
230.8726806640625,
243.08058166503906,
790.204833984375,
202.13233947753906,
534.8218383789062,
4999.8388671875,
568.1549072265625,
219.55149841308594,
375.0329895019531,
211.49378967285156,
4998.8837890625,
4999.9560546875,
125.87323760986328,
211.46270751953125,
319.0750427246094,
153.31170654296875,
229.7852783203125,
321.59039306640625,
349.7724914550781,
537.5790405273438,
4998.93310546875,
184.2139892578125,
0.0,
112.72370147705078,
94.34516906738281,
4999.5439453125,
4999.69873046875,
264.90350341796875,
609.363525390625,
213.6296844482422,
4996.22314453125,
111.44610595703125,
501.8450927734375,
522.0259399414062,
4997.21875,
689.7366333007812,
4996.783203125,
66.1832046508789,
283.1578369140625,
4997.5751953125,
4998.689453125,
4998.982421875,
4998.44091796875,
3606.724853515625,
4999.7080078125,
396.21533203125,
111.16098022460938,
91.07087707519531,
4999.578125,
4999.22998046875,
1153.3875732421875,
401.5647277832031,
4993.72314453125,
249.81353759765625,
4999.884765625,
205.65054321289062,
379.3387756347656,
131.9083709716797,
4999.85888671875,
4999.88232421875,
4999.888671875,
4998.21484375,
187.99481201171875,
92.29126739501953,
425.0027160644531,
4998.5546875,
366.5534973144531,
4999.73681640625,
451.9378967285156,
1089.9427490234375,
4997.5654296875,
150.50665283203125,
427.78668212890625,
4996.59375,
4999.52734375,
234.58729553222656,
338.03155517578125,
463.5099792480469,
4995.826171875,
97.14309692382812,
220.94154357910156,
4997.04443359375,
355.573974609375,
182.9515380859375,
338.010986328125,
4999.39404296875,
345.2561340332031,
543.8536987304688,
4997.75146484375,
538.0753784179688,
775.4718017578125,
45.40114212036133,
4999.72265625,
4999.74853515625,
130.69992065429688,
775.1068115234375,
155.99139404296875,
124.64134979248047,
4999.70263671875,
669.2035522460938,
339.3489074707031,
261.4877014160156,
750.8019409179688,
338.6256103515625,
4999.41357421875,
4999.43603515625,
252.0626220703125,
4.582479953765869,
325.5224304199219,
192.57362365722656,
2573.807861328125,
269.359375,
4997.97119140625,
303.8412780761719,
455.2283935546875,
224.6234588623047,
233.85537719726562,
237.24217224121094,
334.1900634765625,
173.26547241210938,
487.12884521484375,
4998.76513671875,
4864.3427734375,
232.99143981933594,
411.26007080078125,
301.78289794921875,
4999.61474609375,
89.20698547363281,
4999.27783203125,
214.92066955566406,
361.99847412109375,
407.3677062988281,
4999.2177734375,
4996.0146484375,
4998.287109375,
257.29034423828125,
231.5806884765625,
344.7511291503906,
925.9649658203125,
127.00701904296875,
4998.5068359375,
4999.64013671875,
4999.70751953125,
231.8165740966797,
255.6485137939453,
362.01904296875,
4996.88525390625,
4999.587890625,
718.7257690429688,
68.79685974121094,
238.99966430664062,
308.1735534667969,
4996.99169921875,
246.35452270507812,
4997.46044921875,
249.88629150390625,
122.98880767822266,
4998.92333984375,
228.661865234375,
359.4136657714844,
4999.177734375,
4999.9169921875,
353.5946960449219,
215.99594116210938,
617.2412109375,
312.4629211425781,
138.16015625,
407.87713623046875,
180.95510864257812,
132.44647216796875,
4992.26220703125,
4999.7373046875,
4997.9453125,
4998.9853515625,
4995.82470703125,
199.62327575683594,
262.75286865234375,
2342.334716796875,
4999.6728515625,
145.1196746826172,
4999.62451171875,
4999.65625,
285.162841796875,
4998.7373046875,
4998.11083984375,
168.33319091796875,
483.4361877441406,
215.9292449951172,
4999.861328125,
171.72792053222656,
117.94686889648438,
245.24334716796875,
443.49139404296875,
4996.859375,
4997.0078125,
90.36903381347656,
4999.16845703125,
460.8872375488281,
451.3955383300781,
136.9898681640625,
546.7979736328125,
417.3078918457031,
4999.62646484375,
187.1584014892578,
4999.8720703125,
560.8853759765625,
4995.2919921875,
86.26034545898438,
4999.5576171875,
608.9406127929688,
4998.03076171875,
4999.958984375,
34.29133224487305,
65.12818908691406,
240.208740234375,
1233.675048828125,
654.172607421875,
230.45748901367188,
4998.3310546875,
4992.85302734375,
353.81793212890625,
4999.984375,
183.83056640625,
4086.664794921875,
89.62606048583984,
351.1031494140625,
155.5648651123047,
205.5437469482422,
4997.1533203125,
161.7942352294922,
4998.34375,
4999.35498046875,
4999.09716796875,
647.9012451171875,
335.8576965332031,
744.1134033203125,
4996.22509765625,
4999.5419921875,
4996.13671875,
425.40753173828125,
26.286603927612305,
231.15379333496094,
151.93128967285156,
169.03091430664062,
4999.22412109375,
4999.8505859375,
2267.674072265625,
193.82891845703125,
4999.95361328125,
2018.293212890625,
128.44403076171875,
294.4243469238281,
1968.793212890625,
4999.9287109375,
208.39581298828125,
4995.44384765625,
205.10450744628906,
4999.57421875,
526.7319946289062,
4999.89013671875,
477.8794860839844,
4997.9521484375,
875.9003295898438,
378.2131042480469,
324.1026306152344,
539.1795043945312,
4999.78759765625,
167.0426483154297,
306.8606872558594,
272.8499450683594,
1134.4500732421875,
383.8481750488281,
85.48054504394531,
169.79525756835938,
4997.7373046875,
254.82830810546875,
4998.23095703125,
106.05699920654297,
121.02511596679688,
163.40956115722656,
413.45947265625,
392.92694091796875,
4999.7607421875,
141.8584442138672,
164.06480407714844,
4999.32958984375,
4999.75,
252.66954040527344,
348.9360046386719,
4999.279296875,
295.7623596191406,
534.74853515625,
440.0793151855469,
642.147216796875,
214.04876708984375,
142.2295379638672,
4998.33447265625,
342.7351379394531,
483.48480224609375,
87.0521240234375,
2163.219970703125,
156.955078125,
4999.6982421875,
1479.0030517578125,
240.3692169189453,
258.03497314453125,
4999.0380859375,
255.77569580078125,
4998.72021484375,
225.7870635986328,
267.545654296875,
117.74864959716797,
241.19329833984375,
4998.41552734375,
13.337339401245117,
293.7524719238281,
292.8330383300781,
4999.943359375,
345.88037109375,
4999.8076171875,
334.73358154296875,
442.2665710449219,
367.450927734375,
2204.53955078125,
80.87638854980469,
227.6502685546875,
146.62899780273438,
4998.94091796875,
83.87915802001953,
140.85079956054688,
282.7608947753906,
4999.19091796875,
361.59368896484375,
4999.11376953125,
4999.0361328125,
4999.23779296875,
4996.53125,
4997.736328125,
4999.3955078125,
217.06947326660156,
4995.3623046875,
130.89981079101562,
269.51434326171875,
4998.09765625,
4999.70263671875,
315.6600341796875,
4999.220703125,
4999.1865234375,
4996.9091796875,
4999.41796875,
239.80039978027344,
465.1188659667969,
4999.86962890625,
441.652587890625,
314.27130126953125,
659.713623046875,
1314.384765625,
479.5339050292969,
1001.6392822265625,
136.74700927734375,
4999.8916015625,
427.6488952636719,
4999.654296875,
4999.68115234375,
4999.68603515625,
507.4943542480469,
304.2735290527344,
736.2465209960938,
135.177490234375,
4998.5244140625,
450.42059326171875,
289.5438232421875,
4999.96826171875,
465.5078125,
480.57342529296875,
4999.06982421875,
431.34649658203125,
175.39752197265625,
4997.52490234375,
4994.4638671875,
2437.160888671875,
207.13291931152344,
before adding solver back in, here are the stats:
cross accuracy is 0.905982905982906
actual key is fxrhzqgeywuiocvbpAaskjnmtld
pred key is   xfyzqhrgewsuoicpbvAatjklmnd
difference of both scores is 112.5673828125
adding solver CaDiCaL_DVDL_V1 back in
this gives an accuracy (true) of 0.9259259259259259
with a runtime fraction of 0.10166434943675995 for the new solver
the cross accuracy is 0.9074074074074074
actual key is gysiArhfzxvjpdwcqBabtlkonume
pred key is   ygzArishfxtvpjdqcwaBbuklmnoe