                 SolverName    Par2Score  Par2Diff  CrossAcc   TrueAcc RuntimeFrac
0           CaDiCaL_DVDL_V1  3089.303852  4.781006  0.883191  0.851852    0.010497
1           CaDiCaL_DVDL_V2  3095.117989  4.276611  0.866097  0.777778    0.010171
2            CadicalReorder  3028.922123  1.493652  0.874644  0.777778    0.009693
3               Cadical_ESA  3010.642427  3.592285  0.854701  0.888889    0.010429
4                    IsaSAT  4750.807592  4.194336  0.843305  0.962963    0.026025
5         Kissat_MAB-HyWalk  2857.219430  4.801514  0.871795  0.777778    0.011771
6            Kissat_MAB_ESA  2806.399950      None      None      None        None
7           Kissat_MAB_MOSS  2842.665502  4.549316   0.88604  0.777778    0.011619
8            Kissat_MAB_UCB  2833.080702  4.266113  0.871795  0.925926    0.006772
9   Kissat_adaptive_restart  2964.729164  3.751953   0.85755  0.888889    0.012183
10             LSTech_Maple  3288.798456  3.485596   0.88604  0.851852    0.013507
11      LStech-Maple-HyWalk  3287.321714  2.446533  0.877493  0.814815    0.016818
12  MapleLCMDistChrBt-DL-v3  3504.243855  1.971924  0.863248       1.0    0.011224
13            SLIME-SC-2022  3410.345479  3.546143   0.88604  0.962963    0.007886
14       SLIME-SC-2022-beta  3399.280972  4.444824  0.866097  0.814815    0.008586
15        SeqFROST-NoExtend  2974.990134  1.852051  0.874644  0.888889    0.012488
16       cadical_rel_Scavel  3042.540247   4.23584  0.883191  0.851852    0.011481
17        ekissat-mab-db-v1  2841.734300  3.324219  0.863248  0.888889    0.011899
18        ekissat-mab-gb-db  2830.143350  4.330811  0.860399  0.777778     0.01382
19           glucose-reboot  3272.673710  4.343262  0.868946  0.666667    0.034924
20            hCaD_V1-psids  3430.403190  4.533447  0.849003  0.777778     0.01333
21               hKis-unsat  2950.179046  4.327148  0.863248  0.962963     0.00797
22            kissat-els-v1  3012.152117  3.739014  0.877493  0.814815    0.011265
23            kissat-els-v2  2896.370918  4.050293  0.880342       1.0    0.012239
24      kissat-sc2022-bulky  2810.958876  3.769775  0.854701  0.740741    0.013221
25      kissat-sc2022-light  2866.960391      None      None      None        None
26               kissat_inc  2833.396989  3.492188  0.866097  0.925926    0.015405
27           kissat_relaxed  3082.292642   3.46875  0.849003  0.777778    0.010063