solver was CaDiCaL_DVDL_V2 (index 1)

true acc was 1.0
runtime_frac was ~ 0.02

0.0,
132.74459838867188,
0.0,
0.0,
0.0,
0.0,
0.0,
321.9248046875,
751.2839965820312,
3.7704110145568848,
0.0,
17.183155059814453,
0.0,
0.0,
89.53340148925781,
72.08875274658203,
1931.52685546875,
0.0,
0.0,
0.0,
0.0,
0.0,
0.0,
554.1466064453125,
0.0,
0.0,
0.0,
0.0,
0.0,
241.72784423828125,
0.0,
0.0,
131.04629516601562,
0.0,
0.0,
57.33973693847656,
0.0,
0.0,
0.0,
0.0,
33.97025680541992,
0.0,
150.79159545898438,
0.0,
0.0,
0.0,
116.2757339477539,
139.62994384765625,
143.57325744628906,
0.0,
0.0,
0.0,
0.0,
0.0,
0.0,
62.01846694946289,
0.0,
288.0620422363281,
0.0,
0.0,
0.0,
0.0,
0.0,
0.0,
0.0,
0.0,
149.2010955810547,
52.2121467590332,
0.0,
40.45142364501953,
0.0,
0.0,
0.0,
0.0,
0.0,
0.0,
0.0,
0.0,
0.0,
0.0,
32.99957275390625,
0.0,
0.0,
0.0,
0.0,
118.3401107788086,
0.0,
46.171993255615234,
0.0,
0.0,
0.0,
0.0,
0.0,
0.0,
0.0,
0.0,
0.0,
0.0,
0.0,
0.0,
169.17800903320312,
0.0,
0.0,
0.0,
0.0,
87.15853881835938,
1.8413883447647095,
0.0,
0.0,
0.0,
0.0,
71.86480712890625,
0.0,
0.0,
0.0,
0.0,
434.4465026855469,
0.0,
0.0,
0.0,
758.7793579101562,
0.0,
0.0,
77.58165740966797,
0.0,
0.0,
0.0,
29.67331314086914,
53.67974853515625,
0.0,
0.0,
2889.4111328125,
719.8893432617188,
0.0,
0.0,
0.0,
0.0,
65.37574005126953,
239.06698608398438,
0.0,
0.0,
0.0,
0.0,
170.51565551757812,
0.0,
0.0,
0.0,
0.0,
0.0,
103.51792907714844,
0.0,
0.0,
0.0,
0.0,
0.0,
32.17993927001953,
0.0,
0.0,
107.15623474121094,
135.67193603515625,
0.0,
78.299560546875,
0.0,
383.6712646484375,
0.0,
0.0,
0.0,
0.0,
0.0,
0.0,
0.0,
0.0,
0.0,
0.0,
0.0,
150.7362823486328,
203.4841766357422,
0.0,
0.0,
0.6165663599967957,
0.0,
0.0,
0.0,
0.0,
0.0,
0.0,
0.0,
0.0,
0.0,
0.0,
71.7381362915039,
0.0,
188.05296325683594,
0.0,
58.58324432373047,
0.0,
492.8953857421875,
46.946876525878906,
918.9144897460938,
0.0,
0.0,
1385.28271484375,
0.0,
0.0,
0.0,
0.0,
0.0,
0.0,
0.0,
0.0,
0.0,
0.0,
0.0,
0.0,
0.0,
0.0,
0.0,
133.9432830810547,
0.0,
0.0,
399.83984375,
0.0,
0.0,
328.5378112792969,
0.0,
164.28916931152344,
0.0,
1.123447299003601,
4718.953125,
0.0,
0.0,
318.5897216796875,
0.0,
0.0,
18.3726806640625,
0.0,
0.0,
0.0,
0.0,
0.0,
0.0,
0.0,
0.0,
0.0,
0.0,
0.0,
0.0,
0.0,
0.0,
50.22831344604492,
69.96764373779297,
0.0,
813.5701293945312,
0.0,
1.0670363903045654,
0.0,
82.5329818725586,
0.0,
0.0,
0.0,
0.0,
0.0,
0.0,
0.0,
0.0,
230.59190368652344,
0.0,
0.0,
369.2106628417969,
0.0,
0.0,
23.196256637573242,
0.0,
0.0,
189.01327514648438,
0.0,
0.0,
0.0,
0.0,
190.8979949951172,
230.3226318359375,
0.0,
0.0,
0.0,
0.0,
0.0,
0.0,
0.0,
0.0,
40.348594665527344,
210.32139587402344,
0.0,
0.0,
0.0,
100.16783142089844,
0.0,
0.0,
0.0,
0.0,
0.0,
0.0,
0.0,
0.0,
567.7008056640625,
568.4625244140625,
0.0,
0.0,
159.73736572265625,
0.0,
94.57306671142578,
252.55508422851562,
5.904448986053467,
3720.80908203125,
0.0,
0.0,
0.0,
0.0,
0.0,
0.0,
0.0,
0.620728611946106,
20.154308319091797,
507.73773193359375,
248.92437744140625,
0.0,
324.32745361328125,
0.0,
0.0,
154.4391632080078,
0.0,
0.0,
0.0,
0.0,
0.0,
0.0,
0.0,
205.7331085205078,
0.0,
0.0,
0.0,
155.9937744140625,
0.0,
0.0,
0.0,
0.0,
0.0,
0.0,
138.53604125976562,
0.0,
0.0,
0.0,
0.0,
0.0,
84.2829818725586,
0.0,
0.0,
0.0,
0.0,
4829.73828125,
347.9693603515625,
0.0,
0.0,
0.0,
0.0,
0.0,
0.0,
0.0,
0.0,
250.79812622070312,
0.0,
0.0,
0.0,
0.0,
0.0,
0.0,
0.0,
0.0,
290.3904724121094,
0.0,
0.0,
0.8233857750892639,
0.0,
0.0,
407.2262268066406,
0.0,
0.0,
0.0,
0.0,
0.0,
0.0,
0.0,
23.354290008544922,
0.0,
0.0,
0.0,
144.32493591308594,
0.0,
0.0,
0.0,
0.0,
0.0,
0.0,
0.0,
0.0,
142.9978485107422,
0.0,
0.0,
0.0,
117.68085479736328,
0.0,
63.41439437866211,
0.0,
376.9853820800781,
0.0,
63.27350997924805,
107.56272888183594,
0.0,
0.0,
0.0,
0.0,
0.0,
0.0,
0.0,
0.0,
0.0,
0.0,
39.21358108520508,
264.6148376464844,
0.0,
0.0,
0.0,
0.0,
101.9075698852539,
0.0,
91.8177490234375,
0.0,
0.0,
0.0,
0.0,
0.0,
91.83312225341797,
0.0,
0.0,
0.0,
0.0,
0.0,
0.0,
0.0,
0.0,
0.0,
0.0,
0.0,
199.2115478515625,
0.0,
0.0,
120.80509185791016,
0.0,
0.0,
0.0,
0.0,
0.0,
499.40277099609375,
155.58604431152344,
195.13299560546875,
0.0,
0.0,
0.0,
0.0,
0.0,
0.0,
0.0,
121.59465789794922,
0.0,
115.23209381103516,
0.0,
0.0,
172.35653686523438,
131.27345275878906,
209.91510009765625,
0.0,
0.0,
74.27130126953125,
0.0,
0.0,
0.0,
145.05601501464844,
79.1054916381836,
0.0,
0.0,
0.0,
0.0,
0.0,
0.0,
0.0,
23.255874633789062,
0.0,
0.0,
0.0,
0.0,
0.0,
45.91328811645508,
0.0,
548.5075073242188,
0.0,
0.0,
0.0,
0.0,
58.832977294921875,
66.69530487060547,
485.75537109375,
0.0,
0.0,
123.14801025390625,
225.30938720703125,
0.0,
0.0,
0.0,
0.0,
0.0,
4680.1533203125,
0.0,
59.97011947631836,
0.0,
0.0,
0.0,
1601.90771484375,
14.343616485595703,
0.0,
0.0,
516.4540405273438,
20.80007553100586,
0.0,
0.0,
0.0,
0.0,
0.0,
0.0,
0.0,
0.0,
0.0,
0.0,
0.0,
0.0,
0.0,
0.0,
73.76469421386719,
0.0,
0.0,
0.0,
0.0,
0.0,
0.0,
0.0,
0.0,
0.0,
0.0,
0.0,
268.0738220214844,
0.0,
0.0,
62.934627532958984,
0.0,
457.47467041015625,
463.6623840332031,
0.0,
0.0,
0.0,
0.0,
0.0,
112.04251861572266,
0.0,
0.0,
0.0,
101.10855865478516,
0.0,
0.0,
140.51036071777344,
0.0,
130.44052124023438,
0.0,
0.0,
37.09578323364258,
0.0,
29.525781631469727,
0.0,
32.22190856933594,
66.0287857055664,
0.0,
0.0,
0.0,
0.0,
0.0,
0.0,
0.0,
0.0,
0.0,
4.175273895263672,
0.0,
0.0,
309.67376708984375,
0.0,
0.0,
0.0,
0.0,
214.3326873779297,
0.0,
0.0,
0.0,
0.0,
0.29505258798599243,
109.4699478149414,
0.0,
0.0,
0.0,
0.0,
1.0328352451324463,
0.0,
0.0,
0.0,
0.0,
0.0,
0.0,
809.8401489257812,
0.0,
0.0,
70.1373062133789,
0.0,
330.45166015625,
0.0,
0.0,
7.972775459289551,
0.0,
0.0,
0.0,
0.0,
0.0,
0.0,
251.66998291015625,
0.0,
0.0,
0.0,
0.0,
0.0,
0.0,
54.453060150146484,
417.6697998046875,
0.0,
0.0,
0.0,
0.0,
0.0,
172.9580841064453,
0.0,
0.0,
0.0,
0.0,
0.0,
3.3015520572662354,
0.0,
0.0,
195.7192840576172,
26.37460708618164,
420.4427185058594,
0.0,
0.0,
0.0,
0.0,
158.7356719970703,
145.3497314453125,
242.03521728515625,
0.0,
0.0,
0.0,
0.0,
0.0,
0.0,
249.45620727539062,
0.0,
0.0,
0.0,
0.0,
0.0,
0.0,
0.0,
53.81021499633789,
0.0,
0.0,
265.59674072265625,
0.0,
0.0,
0.0,
54.33698654174805,
0.0,
0.0,
36.52130889892578,
0.0,
0.0,
0.0,
0.0,
0.0,
0.0,
0.0,
95.42925262451172,
0.0,
374.0958557128906,
0.0,
0.0,
0.0,
0.0,
0.0,
0.0,
0.0,
0.0,
0.0,
0.0,
582.6083984375,
0.0,
0.0,
23.353588104248047,
0.0,
0.0,
0.0,
0.0,
0.0,
0.0,
0.0,
71.43549346923828,
0.0,
83.2275390625,
0.0,
0.0,
0.0,
0.0,
77.80484771728516,
337.5854187011719,
154.8021240234375,
79.23971557617188,
0.0,
0.0,
0.0,
0.0,
568.6177368164062,
120.88294982910156,
0.0,
0.0,
0.0,
0.0,
0.0,
0.0,
0.0,
0.0,
0.0,
0.0,
0.0,
0.0,
0.0,
0.0,
232.4762420654297,
0.0,
0.0,
40.22725296020508,
0.0,
0.0,
0.0,
0.0,
0.0,
0.0,
0.0,
0.0,
0.0,
0.0,
0.0,
0.0,
0.0,
0.0,
0.0,
0.0,
0.0,
193.3999786376953,
0.0,
0.0,
102.34732818603516,
0.0,
0.0,
0.0,
0.0,
0.0,
0.0,
87.50700378417969,
0.0,
4.4385666847229,
0.0,
0.0,
99.48988342285156,
69.55628967285156,
154.26222229003906,
180.176513671875,
0.0,
151.40994262695312,
0.0,
124.76802062988281,
3.344522714614868,
0.0,
154.92625427246094,
0.0,
0.0,
0.0,
0.0,
0.0,
0.0,
0.0,
0.0,
0.0,
0.0,
0.0,
0.0,
86.47239685058594,
0.0,
0.0,
737.5154418945312,
0.0,
0.0,
0.0,
0.0,
0.0,
0.0,
0.0,
130.9874725341797,
49.656009674072266,
43.230873107910156,
0.0,
0.0,
360.6410827636719,
312.56353759765625,
0.0,
190.48977661132812,
0.0,
0.0,
0.0,
0.0,
0.0,
0.0,
0.0,
325.59283447265625,
0.0,
0.0,
162.2829132080078,
0.0,
0.0,
0.0,
0.0,
0.0,
0.0,
0.0,
0.0,
0.0,
0.0,
0.0,
0.0,
0.0,
53.77898406982422,
0.0,
0.0,
0.0,
0.0,
10.514158248901367,
0.0,
0.0,
0.0,
0.0,
0.0,
0.0,
0.0,
0.0,
0.0,
26.451374053955078,
227.11138916015625,
0.0,
57.130104064941406,
0.0,
0.0,
0.0,
0.0,
0.0,
0.0,
0.0,
48.14676284790039,
0.0,
0.0,
95.46747589111328,
0.0,
99.89219665527344,
0.0,
64.48145294189453,
0.0,
0.0,
271.90460205078125,
0.0,
0.0,
0.0,
48.28940963745117,
0.0,
0.0,
0.0,
0.0,
0.0,
0.0,
229.15809631347656,
0.0,
0.0,
0.0,
0.0,
0.0,
269.6003723144531,
0.0,
0.0,
0.0,
0.0,
0.0,
130.1655731201172,
0.0,
0.0,
0.0,
0.0,
0.0,
0.0,
0.0,
0.0,
0.0,
0.0,
0.0,
110.71630859375,
25.99011993408203,
35.83942413330078,
0.0,
0.0,
0.0,
0.0,
0.0,
0.0,
69.390380859375,
225.01657104492188,
0.0,
0.0,
295.7237548828125,
0.0,
0.0,
0.0,
0.0,
0.0,
1477.245849609375,
0.0,
0.0,
0.0,
0.0,
79.56151580810547,
0.0,
0.0,
0.0,
0.0,
0.0,
0.0,
0.0,
309.6664123535156,
51.16032791137695,
134.98504638671875,
0.0,
0.0,
0.0,
90.30878448486328,
0.0,
82.32571411132812,
37.72664260864258,
0.0,
68.1908950805664,
0.0,
0.0,
0.0,
0.0,
0.0,
0.0,
0.0,
0.0,
131.6404266357422,
0.0,
86.90511322021484,
0.0,
0.0,
0.0,
0.0,
128.8600616455078,
0.0,
439.8428955078125,
1328.6943359375,
0.0,
0.0,
0.0,
0.0,
0.0,
0.0,
0.0,
0.0,
0.0,
0.0,
0.0,
342.5977783203125,
0.0,
0.0,
0.0,
0.0,
0.0,
0.0,
0.0,
68.44519805908203,
0.0,
62.823307037353516,
0.0,
0.0,
0.0,
0.0,
0.0,
0.0,
46.35386276245117,
0.0,
0.0,
194.68115234375,
0.0,
21.876819610595703,
309.04046630859375,
0.0,
0.0,
285.10430908203125,
0.0,
0.0,
0.0,
0.0,
88.81517791748047,
0.0,
0.0,
40.036739349365234,
0.0,
0.0,
0.0,
0.0,
0.0,
0.0,
0.0,
34.499752044677734,
122.2114028930664,
0.0,
0.0,
82.5041275024414,
13.799615859985352,
47.04851150512695,
0.0,
88.94513702392578,
437.50054931640625,
4997.60009765625,
0.0,
374.9801940917969,
0.0,
0.0,
47.48124694824219,
0.0,
264.5211181640625,
0.0,
46.98987579345703,
0.0,
0.0,
105.2280502319336,
0.0,
112.9483642578125,
69.5563735961914,
6.031342029571533,
0.0,
0.0,
0.0,
0.0,
0.0,
0.0,
136.5891571044922,
202.75550842285156,
0.0,
0.0,
0.0,
65.11994171142578,
0.0,
0.0,
0.0,
0.0,
0.0,
0.0,
73.85054016113281,
77.81777954101562,
0.0,
0.0,
0.0,
0.0,
0.0,
0.0,
0.0,
0.0,
0.0,
0.0,
0.0,
1245.8988037109375,
0.0,
0.0,
0.0,
0.0,
0.0,
349.0370788574219,
0.0,
0.0,
4.874686241149902,
210.6639862060547,
0.0,
150.14089965820312,
0.0,
0.0,
0.0,
0.0,
0.0,
0.0,
0.0,
0.0,
0.0,
129.47731018066406,
0.0,
88.24502563476562,
100.17167663574219,
0.0,
0.0,
112.63825225830078,
0.0,
0.0,
0.0,
0.0,
114.10398864746094,
0.0,
0.0,
79.22118377685547,
0.0,
1942.552001953125,
0.0,
861.5045776367188,
0.0,
0.0,
266.9502868652344,
78.43961334228516,
0.0,
0.0,
0.0,
0.0,
0.0,
595.2066040039062,
3524.9296875,
0.0,
0.0,
0.0,
0.0,
0.0,
0.0,
0.0,
0.0,
0.0,
0.0,
0.0,
0.0,
0.0,
0.0,
0.0,
0.0,
74.75692749023438,
0.0,
45.93165969848633,
0.0,
600.9861450195312,
119.73772430419922,
0.0,
0.0,
0.0,
117.41426849365234,
55.36717224121094,
0.0,
0.21995483338832855,
159.0391082763672,
0.0,
0.0,
0.0,
0.0,
0.0,
0.0,
0.0,
48.874168395996094,
0.0,
80.02022552490234,
0.0,
6.175085067749023,
0.0,
51.46235656738281,
0.0,
301.3897399902344,
0.0,
36.77572250366211,
0.0,
0.0,
0.0,
0.0,
0.0,
0.0,
0.0,
0.0,
0.0,
23.606433868408203,
0.0,
0.0,
163.7723388671875,
0.0,
0.0,
0.0,
265.0122985839844,
338.9276123046875,
118.57798767089844,
0.0,
0.0,
0.0,
170.1644287109375,
0.0,
0.0,
0.0,
0.0,
0.0,
0.0,
434.8139343261719,
0.0,
0.0,
0.0,
0.0,
0.0,
0.0,
0.0,
0.0,
0.0,
0.0,
256.7506103515625,
0.0,
12.741264343261719,
0.0,
56.45920181274414,
0.0,
89.35166931152344,
77.50823211669922,
14.556198120117188,
0.0,
0.0,
0.0,
0.0,
0.0,
0.0,
0.0,
0.0,
0.0,
0.0,
0.0,
0.0,
0.0,
0.0,
61.41301345825195,
0.0,
0.0,
0.0,
0.0,
0.0,
0.0,
0.0,
0.0,
0.0,
0.0,
0.0,
0.0,
0.0,
153.58998107910156,
0.0,
0.0,
0.0,
0.0,
0.0,
179.30563354492188,
0.0,
0.0,
0.0,
0.0,
0.0,
0.0,
0.0,
160.9773712158203,
0.0,
0.0,
0.0,
167.49114990234375,
0.0,
0.0,
0.0,
0.0,
0.0,
0.0,
0.0,
311.4701843261719,
0.0,
0.0,
0.0,
235.13168334960938,
0.0,
0.0,
0.0,
0.0,
0.0,
0.0,
73.7584228515625,
0.0,
0.0,
0.0,
209.51129150390625,
0.0,
122.44559478759766,
51.30640411376953,
0.0,
0.0,
0.0,
0.0,
0.0,
347.471435546875,
0.0,
0.0,
0.0,
0.0,
0.0,
0.0,
99.57110595703125,
0.0,
434.71417236328125,
0.0,
0.0,
0.0,
0.0,
0.0,
0.0,
0.0,
312.08416748046875,
58.30101776123047,
0.0,
0.0,
0.0,
0.0,
0.0,
0.0,
0.0,
0.0,
317.94891357421875,
0.0,
0.0,
41.349117279052734,
0.0,
0.0,
0.0,
0.0,
215.07620239257812,
0.0,
0.0,
630.5963745117188,
0.0,
0.0,
285.4693298339844,
0.0,
0.0,
56.3912239074707,
0.0,
0.0,
394.1444091796875,
0.0,
0.0,
0.0,
0.0,
51.067378997802734,
0.0,
0.0,
252.6062469482422,
37.04999923706055,
153.734130859375,
0.0,
0.0,
0.0,
0.0,
0.0,
31.86606788635254,
0.0,
0.0,
0.0,
128.322509765625,
0.0,
0.0,
0.0,
0.0,
0.0,
0.0,
0.0,
41.70661544799805,
0.0,
0.0,
0.0,
1257.576171875,
0.0,
268.19195556640625,
0.0,
0.0,
391.7608947753906,
0.0,
0.0,
0.0,
159.38226318359375,
0.0,
0.0,
7.044447422027588,
0.0,
238.2762451171875,
0.0,
0.0,
0.0,
0.0,
0.0,
0.0,
0.0,
0.0,
0.0,
0.0,
0.0,
1479.9876708984375,
0.0,
0.0,
68.138916015625,
0.0,
0.0,
0.0,
0.0,
1.5898791551589966,
0.0,
0.0,
0.0,
562.0201416015625,
19.926448822021484,
0.0,
0.0,
0.0,
0.0,
0.0,
157.966796875,
0.0,
603.13916015625,
0.0,
0.0,
0.0,
290.0578918457031,
0.0,
0.0,
0.0,
231.18492126464844,
1357.7061767578125,
26.956077575683594,
0.0,
130.41436767578125,
873.08251953125,
134.23316955566406,
54.351341247558594,
0.0,
0.0,
0.0,
0.0,
97.85908508300781,
372.9315185546875,
0.0,
6.527491569519043,
0.0,
0.0,
0.0,
0.0,
26.327327728271484,
0.0,
0.0,
0.0,
13.848315238952637,
0.0,
27.9999942779541,
0.0,
972.20263671875,
0.0,
0.0,
224.24107360839844,
172.93687438964844,
0.0,
33.059757232666016,
0.0,
0.0,
0.0,
0.0,
183.42184448242188,
0.0,
173.70277404785156,
0.0,
0.0,
0.0,
0.0,
0.0,
0.0,
0.0,
0.0,
365.87548828125,
0.0,
0.0,
0.0,
0.0,
61.20163345336914,
0.0,
0.0,
378.4147033691406,
124.9171371459961,
0.0,
0.0,
0.0,
0.0,
482.8262634277344,
0.0,
0.0,
0.0,
0.0,
0.0,
0.0,
0.0,
0.0,
0.0,
0.0,
0.0,
24.519922256469727,
0.0,
0.0,
0.0,
0.0,
0.0,
0.0,
128.9429931640625,
29.651290893554688,
0.0,
536.8472900390625,
16.51779556274414,
0.0,
0.0,
0.0,
17.174022674560547,
0.0,
0.0,
0.0,
23.800132751464844,
14.147536277770996,
0.0,
0.0,
0.0,
0.0,
0.0,
0.0,
0.0,
0.0,
0.0,
0.0,
0.0,
0.0,
0.0,
0.0,
0.0,
0.0,
0.0,
0.0,
0.0,
0.0,
0.0,
0.0,
0.0,
0.0,
0.0,
0.0,
328.7273864746094,
79.84864807128906,
0.0,
0.0,
0.0,
0.0,
0.0,
0.0,
0.0,
0.0,
0.0,
0.0,
0.0,
823.9752807617188,
111.78190612792969,
0.0,
0.0,
114.10138702392578,
0.0,
0.0,
292.5569763183594,
88.8990249633789,
0.0,
0.0,
0.0,
0.0,
143.9912872314453,
0.0,
0.0,
0.0,
0.0,
0.6396874785423279,
0.0,
0.0,
0.0,
0.0,
0.0,
181.36563110351562,
0.0,
0.0,
0.0,
0.0,
0.0,
344.6087646484375,
0.0,
132.1763916015625,
3557.077880859375,
0.0,
23.90533447265625,
0.0,
0.0,
124.47119140625,
339.10687255859375,
0.0,
0.0,
0.0,
0.0,
0.0,
170.67922973632812,
0.0,
0.0,
0.0,
0.0,
0.0,
0.0,
101.29994201660156,
3.8441576957702637,
0.0,
67.37350463867188,
0.0,
0.0,
70.00821685791016,
0.0,
0.0,
0.0,
0.0,
0.0,
0.0,
11.047530174255371,
0.0,
0.0,
62.76749801635742,
0.0,
225.89341735839844,
0.0,
0.0,
0.0,
209.96148681640625,
203.3762664794922,
0.0,
0.0,
0.0,
0.0,
0.0,
0.0,
0.0,
0.0,
17.77342414855957,
0.0,
0.0,
0.0,
0.0,
0.0,
211.59751892089844,
0.0,
0.0,
0.0,
0.0,
0.0,
252.42669677734375,
0.0,
592.0982666015625,
0.0,
0.0,
0.0,
0.0,
153.93792724609375,
114.19974517822266,
0.0,
0.0,
393.7343444824219,
0.0,
0.0,
0.0,
72.93146514892578,
0.0,
0.0,
0.0,
47.89207458496094,
0.0,
0.0,
0.0,
0.0,
0.0,
0.0,
0.0,
0.0,
0.0,
0.0,
0.0,
28.83761978149414,
0.0,
0.0052721453830599785,
0.0,
0.0,
0.0,
0.0,
145.972900390625,
75.01811981201172,
0.0,
2944.7275390625,
0.0,
0.0,
0.0,
0.0,
41.52273178100586,
0.0,
20.858070373535156,
0.0,
0.0,
136.99342346191406,
0.0,
0.0,
81.72277069091797,
0.0,
193.6601104736328,
0.0,
312.1197509765625,
0.0,
0.0,
174.73768615722656,
0.0,
0.0,
0.0,
0.0,
0.0,
0.0,
0.0,
0.0,
0.0,
0.0,
0.0,
0.0,
0.0,
0.0,
0.0,
127.2906494140625,
0.0,
0.0,
0.0,
0.0,
0.0,
0.0,
0.0,
53.25918197631836,
0.0,
0.0,
86.53575897216797,
0.0,
0.0,
0.0,
552.1138305664062,
0.0,
77.8307876586914,
0.0,
0.0,
0.0,
248.32086181640625,
84.44978332519531,
0.0,
366.0552673339844,
0.0,
0.0,
0.0,
7.1665143966674805,
0.0,
0.0,
39.88193130493164,
0.0,
0.0,
0.0,
0.0,
116.62547302246094,
0.0,
0.0,
9.873013496398926,
413.7790222167969,
0.0,
0.0,
0.0,
0.0,
0.0,
0.0,
394.7922668457031,
61.835845947265625,
0.0,
264.8308410644531,
0.0,
102.90132141113281,
0.0,
92.6125259399414,
0.0,
58.91086196899414,
0.0,
0.0,
328.5351867675781,
51.91498565673828,
0.0,
24.648357391357422,
382.2864685058594,
0.0,
0.0,
0.0,
0.0,
0.0,
0.0,
4.561178207397461,
286.2151794433594,
0.0,
0.0,
0.0,
0.0,
0.0,
0.0,
0.0,
0.0,
76.3839340209961,
0.0,
0.0,
22.938762664794922,
0.0,
0.0,
0.0,
0.0,
0.0,
115.58662414550781,
0.0,
0.0,
82.21768188476562,
0.0,
0.0,
0.0,
0.0,
0.0,
0.0,
0.0,
0.0,
0.0,
273.70050048828125,
0.0,
0.0,
0.0,
168.15985107421875,
579.1979370117188,
135.8299102783203,
0.0,
0.0,
0.0,
213.22943115234375,
93.53532409667969,
50.69150924682617,
0.0,
39.82350158691406,
0.0,
0.0,
0.0,
58.95685577392578,
0.0,
0.0,
0.0,
0.0,
0.0,
0.0,
0.0,
0.0,
0.0,
0.0,
0.0,
0.0,
323.7918701171875,
0.0,
0.0,
0.0,
0.0,
0.0,
0.0,
0.0,
210.54637145996094,
0.0,
235.46461486816406,
0.0,
0.0,
130.87318420410156,
0.0,
0.0,
0.0,
0.0,
0.0,
0.0,
0.0,
0.0,
80.47895812988281,
515.7445678710938,
0.0,
0.0,
0.0,
0.0,
207.38075256347656,
0.0,
0.0,
0.0,
0.0,
0.0,
0.0,
0.0,
0.0,
0.0,
0.0,
0.0,
0.0,
0.0,
0.0,
0.0,
0.0,
0.0,
0.0,
0.0,
0.0,
0.0,
0.0,
28.506181716918945,
0.0,
0.0,
0.0,
0.0,
0.0,
0.0,
175.6895751953125,
0.0,
0.0,
0.0,
57.63812255859375,
0.0,
0.0,
0.0,
0.0,
0.0,
0.0,
0.0,
0.0,
0.0,
57.51817321777344,
0.0,
0.0,
171.4798583984375,
1256.6275634765625,
0.0,
0.0,
0.0,
0.0,
2874.44580078125,
102.47899627685547,
0.0,
0.0,
282.8943176269531,
190.22618103027344,
0.0,
0.0,
201.21141052246094,
0.0,
0.0,
0.0,
0.0,
57.452579498291016,
0.0,
0.0,
0.0,
0.0,
171.39797973632812,
0.0,
0.0,
1721.5408935546875,
0.0,
0.0,
15.343498229980469,
0.0,
0.0,
0.0,
0.0,
0.0,
0.0,
0.0,
0.0,
0.0,
0.0,
0.0,
0.0,
0.0,
79.32654571533203,
374.98870849609375,
282.01300048828125,
0.0,
0.0,
0.0,
0.0,
0.0,
0.0,
0.0,
0.0,
0.0,
0.0,
108.31219482421875,
10.842449188232422,
0.0,
0.0,
0.0,
0.0,
0.0,
0.0,
0.0,
0.0,
0.0,
0.0,
0.0,
0.0,
0.0,
0.0,
0.0,
71.13451385498047,
0.0,
0.0,
88.1148910522461,
26.76238250732422,
0.0,
48.02351760864258,
161.6208038330078,
0.0,
0.0,
0.0,
0.0,
0.0,
44.679962158203125,
0.0,
0.0,
107.28638458251953,
0.0,
0.0,
0.0,
0.0,
85.32536315917969,
0.0,
49.10097122192383,
0.0,
0.0,
133.5553741455078,
0.0,
0.0,
0.0,
65.36837768554688,
0.0,
0.0,
4996.845703125,
0.0,
0.0,
0.0,
0.0,
321.9615783691406,
0.0,
0.0,
0.0,
0.0,
0.0,
0.0,
0.0,
19.53168296813965,
0.0,
0.0,
0.0,
0.0,
6.183335781097412,
0.0,
0.0,
0.0,
0.0,
276.046875,
0.0,
0.0,
0.0,
57.64350128173828,
0.0,
0.0,
152.93394470214844,
0.0,
0.0,
0.0,
0.0,
0.0,
0.0,
0.0,
13.917428016662598,
224.09915161132812,
0.0,
0.0,
0.0,
0.0,
0.0,
162.8417205810547,
0.0,
0.0,
0.0,
0.0,
117.801513671875,
0.0,
110.28347778320312,
0.0,
0.0,
0.0,
0.0,
51.02333450317383,
0.0,
0.0,
0.0,
0.0,
0.0,
0.0,
0.0,
80.98359680175781,
214.3349609375,
0.0,
0.0,
94.63728332519531,
0.0,
0.0,
0.0,
167.75526428222656,
16.34955406188965,
0.0,
0.0,
66.31999969482422,
0.0,
0.0,
65.59146881103516,
102.00981140136719,
0.0,
0.0,
0.0,
0.0,
0.0,
0.0,
0.0,
0.0,
0.0,
0.0,
0.0,
0.0,
0.0,
407.7013854980469,
0.0,
0.0,
0.0,
0.0,
161.92694091796875,
0.0,
0.0,
0.0,
13.39593505859375,
0.0,
0.0,
0.0,
0.0,
0.0,
0.0,
0.0,
842.5259399414062,
0.0,
0.0,
0.0,
0.0,
244.9237518310547,
481.5455017089844,
0.0,
145.43325805664062,
0.0,
0.0,
0.0,
0.0,
0.0,
0.0,
0.0,
215.09881591796875,
0.0,
0.0,
0.0,
51.097721099853516,
0.0,
0.0,
0.0,
348.78271484375,
32.092071533203125,
223.20021057128906,
0.0,
0.0,
0.0,
0.0,
0.0,
0.0,
0.0,
52.09187698364258,
0.0,
0.0,
0.0,
0.0,
0.0,
0.0,
18.095335006713867,
0.0,
0.0,
0.0,
0.0,
0.0,
0.0,
485.9424133300781,
0.0,
0.0,
0.0,
0.0,
0.0,
0.0,
0.0,
0.0,
0.0,
397.4642333984375,
0.0,
0.0,
0.0,
0.0,
0.0,
0.0,
0.0,
0.0,
0.0,
0.0,
144.7230682373047,
0.0,
0.0,
0.0,
0.0,
1314.7308349609375,
0.0,
0.0,
0.0,
0.0,
0.0,
0.0,
150.38417053222656,
296.4646301269531,
0.0,
0.0,
0.0,
65.84187316894531,
0.0,
0.0,
0.0,
0.0,
170.8459014892578,
178.49435424804688,
0.0,
0.0,
22.981321334838867,
92.16349029541016,
0.0,
0.0,
0.0,
0.0,
0.0,
0.0,
0.0,
65.80787658691406,
0.0,
0.0,
0.0,
0.0,
0.0,
607.1614379882812,
74.49779510498047,
0.0,
0.0,
141.5475616455078,
0.0,
0.0,
0.0,
0.0,
0.0,
40.75453186035156,
0.0,
0.0,
0.0,
0.0,
947.157470703125,
0.0,
0.0,
0.0,
0.0,
0.0,
0.0,
0.0,
6.8549604415893555,
0.0,
0.0,
0.0,
0.0,
0.0,
0.0,
0.0,
0.0,
0.0,
0.0,
0.0,
88.20591735839844,
0.0,
0.0,
21.5264835357666,
0.0,
58.11275863647461,
0.0,
0.0,
205.14637756347656,
0.0,
0.0,
32.628997802734375,
0.0,
0.0,
0.0,
0.0,
42.58905792236328,
0.0,
0.0,
32.281761169433594,
0.0,
0.0,
0.0,
0.0,
0.0,
0.0,
0.0,
94.84416961669922,
0.0,
0.0,
0.0,
0.0,
238.413818359375,
0.0,
0.0,
0.0,
0.0,
0.0,
0.0,
0.0,
79.9708023071289,
0.0,
0.0,
69.70806121826172,
0.0,
0.0,
0.0,
137.1117401123047,
0.0,
0.0,
0.0,
0.0,
0.0,
0.0,
0.0,
0.0,
0.0,
0.0,
272.06658935546875,
405.6294860839844,
23.338197708129883,
0.0,
0.0,
0.0,
0.0,
61.7904052734375,
0.0,
0.0,
138.13925170898438,
75.3669204711914,
56.095909118652344,
0.0,
318.40380859375,
124.97024536132812,
0.0,
0.0,
0.0,
0.0,
0.0,
0.0,
0.0,
0.0,
0.0,
0.0,
0.0,
0.0,
0.0,
0.0,
0.0,
0.0,
0.0,
0.0,
155.35585021972656,
0.0,
0.0,
0.0,
0.0,
139.6871337890625,
0.0,
0.0,
0.0,
0.0,
0.0,
0.0,
0.0,
0.0,
0.0,
246.0024871826172,
0.0,
0.0,
0.0,
0.0,
0.0,
0.0,
0.0,
0.0,
141.3979949951172,
0.0,
0.0,
0.0,
286.51531982421875,
0.0,
0.0,
0.0,
0.0,
0.0,
0.0,
0.0,
0.0,
0.0,
0.0,
0.0,
304.0706787109375,
171.75816345214844,
0.0,
381.7127990722656,
0.0,
0.0,
567.3447265625,
0.0,
0.0,
0.0,
0.0,
0.0,
0.0,
0.0,
0.0,
75.26689147949219,
0.0,
0.0,
0.0,
0.0,
0.0,
0.0,
0.0,
0.0,
5.449918270111084,
0.0,
104.60177612304688,
0.0,
0.0,
0.0,
0.0,
0.0,
0.0,
0.0,
0.0,
20.440582275390625,
0.0,
0.0,
65.07054138183594,
0.0,
478.37445068359375,
0.0,
108.04875183105469,
110.58173370361328,
0.0,
0.0,
0.0,
0.0,
62.28215408325195,
0.0,
0.0,
493.0579833984375,
0.0,
0.0,
407.2259826660156,
0.0,
280.86260986328125,
0.0,
0.0,
0.0,
0.0,
61.02398681640625,
85.13591766357422,
1875.277587890625,
0.0,
0.0,
146.0175018310547,
953.9743041992188,
0.0,
0.0,
0.0,
0.0,
0.0,
57.52314376831055,
0.0,
0.0,
0.0,
0.0,
0.0,
0.0,
0.0,
0.0,
29.44163703918457,
0.0,
0.0,
0.0,
0.0,
0.0,
0.0,
0.0,
0.0,
0.0,
205.6189422607422,
221.8846893310547,
0.0,
0.0,
0.0,
0.0,
0.0,
0.0,
0.0,
0.0,
200.53033447265625,
0.0,
313.1135559082031,
22.894208908081055,
526.8527221679688,
342.7396240234375,
0.0,
0.0,
47.88999557495117,
251.82351684570312,
0.0,
0.0,
127.93555450439453,
301.3931579589844,
0.0,
0.0,
0.0,
11.57568073272705,
0.0,
0.0,
0.0,
0.0,
0.0,
36.99232864379883,
0.0,
0.0,
0.0,
0.0,
0.0,
0.0,
0.0,
226.15371704101562,
133.55665588378906,
0.0,
0.0,
0.0,
0.0,
0.0,
0.0,
0.0,
0.0,
0.0,
0.0,
8.969256401062012,
610.9326782226562,
0.0,
410.0450744628906,
0.0,
0.0,
0.0,
0.0,
0.0,
0.0,
38.080665588378906,
0.0,
0.0,
0.0,
110.68716430664062,
223.38128662109375,
0.0,
0.0,
70.64007568359375,
0.0,
0.0,
736.916748046875,
0.0,
2836.92236328125,
0.0,
0.0,
0.0,
0.0,
0.0,
0.0,
0.0,
459.7913513183594,
0.0,
0.0,
1549.55029296875,
43.75716781616211,
0.0,
0.0,
0.0,
0.0,
0.0,
0.0,
0.0,
0.0,
0.0,
0.0,
0.0,
0.0,
0.0,
0.0,
0.0,
0.0,
0.0,
0.0,
26.043720245361328,
71.7667007446289,
143.38699340820312,
0.0,
0.0,
0.0,
0.0,
0.0,
444.4259948730469,
0.0,
82.11654663085938,
153.6461181640625,
0.0,
0.0,
80.6622085571289,
364.85430908203125,
470.89617919921875,
158.2356414794922,
0.0,
0.0,
326.8870849609375,
0.0,
119.97940063476562,
0.0,
0.0,
0.0,
0.0,
0.0,
0.0,
49.37999725341797,
0.0,
106.43494415283203,
0.0,
70.91979217529297,
0.0,
0.0,
0.0,
0.0,
0.0,
0.0,
246.133544921875,
0.0,
0.0,
245.4925537109375,
0.0,
0.0,
0.0,
132.7640838623047,
0.0,
181.23211669921875,
0.17034204304218292,
0.0,
0.0,
72.1043701171875,
0.0,
0.0,
0.0,
0.0,
0.0,
0.0,
0.0,
0.0,
0.0,
0.0,
184.5144500732422,
0.0,
430.58856201171875,
690.9526977539062,
0.0,
0.0,
0.0,
0.0,
0.0,
64.4037857055664,
0.0,
286.6219482421875,
152.31503295898438,
0.0,
0.0,
0.0,
0.0,
302.6725769042969,
218.62940979003906,
0.0,
13.399600982666016,
546.394287109375,
0.0,
2079.97265625,
0.0,
0.0,
180.37693786621094,
63.08378601074219,
0.0,
0.0,
0.0,
70.63993072509766,
0.0,
0.0,
74.24553680419922,
0.0,
0.0,
0.0,
0.0,
846.1117553710938,
0.0,
0.0,
1001.7970581054688,
0.0,
0.0,
0.0,
264.940185546875,
0.0,
0.0,
255.9814453125,
92.76812744140625,
0.0,
0.0,
241.05908203125,
0.0,
15.165006637573242,
321.1631164550781,
0.0,
0.0,
0.0,
0.0,
794.6103515625,
0.0,
0.0,
580.44140625,
76.86282348632812,
0.0,
0.0,
137.1144561767578,
0.0,
0.0,
0.0,
0.0,
0.0,
0.0,
0.0,
0.0,
26.42635726928711,
0.0,
0.0,
0.0,
0.0,
0.0,
0.0,
0.0,
0.0,
0.0,
0.0,
0.0,
0.0,
522.855712890625,
57.18327713012695,
0.0,
0.0,
81.86414337158203,
182.3211669921875,
0.0,
8.404494285583496,
0.0,
0.0,
0.0,
0.0,
0.0,
0.0,
0.0,
574.147705078125,
0.0,
0.0,
0.0,
0.0,
0.0,
0.0,
0.0,
0.0,
111.9873275756836,
0.0,
0.0,
0.0,
0.0,
0.0,
144.99765014648438,
1810.34716796875,
349.0252990722656,
0.0,
167.55691528320312,
720.9719848632812,
0.0,
0.0,
0.0,
0.0,
0.0,
0.0,
0.0,
0.0,
0.0,
76.62420654296875,
0.0,
0.0,
4.2721123695373535,
0.0,
0.0,
121.24139404296875,
0.0,
0.0,
0.0,
0.06455098092556,
0.0,
0.0,
184.46307373046875,
0.0,
0.0,
0.0,
0.0,
0.0,
0.0,
0.0,
0.0,
0.0,
0.0,
119.0908432006836,
0.0,
2.9656014442443848,
0.0,
75.14012145996094,
0.0,
0.0,
302.4254455566406,
25.84438705444336,
0.0,
0.0,
149.45703125,
39.11759567260742,
0.0,
0.0,
400.9651184082031,
0.0,
0.0,
0.0,
0.0,
52.23337936401367,
0.0,
0.0,
162.3391876220703,
1.521952748298645,
0.0,
0.0,
516.4857177734375,
0.0,
0.0,
131.153564453125,
0.0,
76.47283172607422,
21.479793548583984,
0.0,
0.0,
451.11669921875,
0.0,
0.0,
0.0,
0.0,
117.85526275634766,
0.0,
0.0,
0.0,
0.0,
0.0,
0.0,
0.0,
0.0,
204.10035705566406,
0.0,
14.25748062133789,
46.927024841308594,
138.4012451171875,
0.0,
0.0,
0.0,
0.0,
0.0,
0.0,
4.587998390197754,
0.0,
65.064208984375,
0.0,
396.330810546875,
0.0,
160.47467041015625,
0.0,
211.52557373046875,
0.0,
0.0,
0.0,
17.741195678710938,
165.59950256347656,
0.0,
0.0,
57.30939483642578,
0.0,
90.5184326171875,
0.0,
0.0,
0.0,
0.0,
174.58663940429688,
0.0,
103.32696533203125,
210.7310028076172,
0.0,
0.0,
0.0,
0.0,
0.0,
157.64065551757812,
0.0,
0.0,
0.0,
0.0,
287.2320556640625,
0.0,
0.0,
0.0,
0.0,
0.0,
0.0,
95.30752563476562,
0.0,
0.0,
89.0286636352539,
0.0,
0.0,
115.22146606445312,
0.0,
0.0,
0.0,
0.0,
0.0,
164.53733825683594,
47.15426254272461,
146.1522674560547,
0.0,
0.0,
0.0,
0.0,
0.0,
0.0,
0.0,
0.0,
0.0,
0.0,
0.0,
0.0,
0.0,
0.0,
202.3880615234375,
0.0,
0.0,
0.0,
583.502197265625,
0.0,
84.51360321044922,
0.0,
0.0,
0.0,
0.0,
152.08177185058594,
66.85592651367188,
0.0,
997.5215454101562,
278.3659362792969,
0.0,
0.0,
0.0,
105.96126556396484,
0.0,
177.7035675048828,
0.0,
0.0,
194.74134826660156,
0.0,
0.0,
0.0,
0.0,
0.0,
0.0,
0.0,
0.0,
0.0,
56.169376373291016,
0.0,
272.41845703125,
0.0,
0.0,
0.0,
0.0,
200.5975341796875,
576.0260009765625,
0.0,
0.0,
0.0,
0.0,
0.0,
0.0,
1255.6060791015625,
169.6741180419922,
0.0,
0.0,
220.5324249267578,
0.0,
48.51142501831055,
11.3871488571167,
0.0,
0.0,
0.0,
65.33274841308594,
0.0,
0.0,
0.0,
0.0,
0.0,
0.0,
0.0,
0.0,
0.0,
0.0,
0.0,
0.0,
0.0,
0.0,
0.0,
0.0,
712.9609375,
0.0,
70.50823974609375,
0.0,
32.652442932128906,
0.0,
653.7908935546875,
0.0,
0.0,
147.07461547851562,
0.0,
259.5791015625,
0.0,
0.0,
0.0,
0.0,
0.0,
0.0,
0.0,
129.3595733642578,
0.0,
0.0,
0.0,
0.0,
374.81658935546875,
0.0,
0.0,
63.01784896850586,
264.09326171875,
0.0,
0.0,
0.0,
0.0,
0.0,
0.0,
0.0,
0.0,
0.0,
515.53369140625,
0.0,
0.0,
0.0,
43.684967041015625,
92.62686157226562,
0.0,
0.0,
0.0,
0.0,
0.0,
0.0,
0.0,
223.36376953125,
0.0,
0.0,
0.0,
61.48858642578125,
0.0,
0.0,
0.0,
54.272239685058594,
0.0,
0.0,
0.0,
0.0,
0.0,
0.0,
0.0,
0.0,
0.0,
0.0,
0.0,
0.0,
42.491981506347656,
0.0,
0.0,
199.61920166015625,
14.706990242004395,
0.0,
0.0,
0.0,
0.0,
0.0,
0.0,
0.0,
85.63866424560547,
0.0,
0.0,
0.0,
0.0,
0.0,
3.240999221801758,
0.0,
0.0,
0.0,
61.5211181640625,
0.0,
0.0,
0.0,
47.351802825927734,
0.0,
0.0,
0.0,
0.0,
0.0,
0.0,
0.0,
0.0,
0.0,
0.0,
1048.2879638671875,
0.0,
0.0,
0.0,
0.0,
465.9373779296875,
0.0,
1068.780517578125,
0.0,
331.7442932128906,
0.0,
0.0,
0.0,
0.0,
0.0,
0.0,
34.722896575927734,
129.638671875,
0.0,
0.0,
0.0,
0.0,
2857.781005859375,
0.0,
0.0,
0.0,
0.0,
0.0,
0.0,
0.0,
0.0,
0.0,
0.0,
0.0,
239.92428588867188,
87.82686614990234,
0.0,
0.0,
0.0,
0.0,
0.0,
79.16500854492188,
0.0,
0.0,
0.0,
225.81805419921875,
37.85325622558594,
0.0,
0.0,
0.0,
21.19744110107422,
0.0,
44.75959777832031,
35.596797943115234,
0.0,
0.0,
0.0,
0.0,
0.0,
314.6078796386719,
50.71678161621094,
0.0,
0.0,
0.0,
0.0,
478.2088928222656,
0.0,
0.0,
94.71707916259766,
0.0,
0.0,
0.0,
0.0,
0.0,
193.60824584960938,
0.0,
0.0,
231.07093811035156,
0.0,
42.72169876098633,
0.0,
0.0,
434.0570983886719,
0.0,
0.0,
0.0,
0.0,
43.9460563659668,
550.8052978515625,
0.0,
200.7558135986328,
111.5809555053711,
0.0,
0.0,
0.0,
0.0,
0.0,
0.0,
97.93099212646484,
0.0,
156.77574157714844,
0.0,
0.0,
0.0,
0.0,
0.0,
51.58869171142578,
0.0,
0.0,
0.0,
0.0,
0.0,
165.2373046875,
0.0,
9.668665885925293,
43.12675476074219,
0.0,
127.69440460205078,
0.0,
0.0,
0.0,
0.0,
0.0,
0.0,
0.0,
20.033933639526367,
0.0,
0.0,
0.0,
0.0,
0.0,
0.0,
0.0,
0.0,
0.0,
0.0,
66.88916015625,
239.0253143310547,
0.0,
0.0,
0.0,
0.0,
0.0,
0.0,
0.0,
0.0,
0.0,
183.2169189453125,
0.0,
0.0,
29.51229476928711,
0.0,
0.0,
0.0,
210.18084716796875,
0.0,
71.70378112792969,
0.0,
0.0,
0.0,
0.0,
0.0,
112.145263671875,
0.0,
0.0,
447.9885559082031,
85.18449401855469,
0.0,
108.07676696777344,
114.4854736328125,
0.0,
0.0,
166.5071563720703,
106.67567443847656,
0.0,
0.0,
207.73941040039062,
0.0,
0.0,
0.0,
0.0,
164.74868774414062,
0.0,
0.0,
0.0,
353.0501403808594,
88.73542022705078,
0.0,
0.0,
0.0,
259.1031494140625,
4.615029811859131,
0.0,
0.0,
0.0,
0.0,
0.0,
0.0,
46.29594421386719,
0.0,
0.0,
0.0,
0.0,
255.2946014404297,
0.0,
0.0,
0.0,
0.0,
0.0,
0.0,
243.258056640625,
0.0,
0.0,
0.0,
0.0,
0.0,
0.0,
0.0,
0.0,
588.4992065429688,
0.0,
51.332218170166016,
174.32765197753906,
19.455371856689453,
0.0,
0.0,
68.617919921875,
0.0,
0.0,
463.3533935546875,
0.0,
0.0,
651.1248168945312,
426.83380126953125,
0.0,
0.0,
0.0,
0.0,
0.0,
172.28131103515625,
0.0,
66.17478942871094,
0.0,
0.0,
0.0,
120.99761962890625,
0.0,
0.0,
47.481956481933594,
0.0,
66.25434875488281,
0.0,
0.0,
0.0,
0.0,
0.0,
0.0,
0.0,
0.0,
105.11624145507812,
0.0,
0.0,
89.27058410644531,
0.0,
0.0,
0.0,
44.03981399536133,
0.0,
0.0,
1924.73828125,
0.0,
0.0,
0.0,
0.0,
59.68910598754883,
0.0,
0.0,
0.0,
224.03269958496094,
0.0,
1723.182861328125,
0.0,
0.0,
0.0,
74.13017272949219,
0.0,
52.31907272338867,
0.0,
0.0,
115.87727355957031,
0.0,
0.0,
0.0,
0.0,
0.0,
0.0,
171.6864776611328,
2089.388427734375,
724.7932739257812,
0.0,
0.0,
0.0,
0.0,
0.0,
0.0,
137.4408416748047,
176.78956604003906,
59.67977523803711,
42.36966323852539,
300.0386657714844,
0.0,
0.0,
118.7931900024414,
108.89950561523438,
0.0,
0.0,
0.0,
0.0,
18.536151885986328,
0.0,
0.0,
151.18701171875,
78.51642608642578,
0.0,
0.0,
0.0,
0.0,
0.0,
0.0,
207.9434356689453,
0.0,
0.0,
90.98985290527344,
0.0,
0.0,
0.0,
0.0,
0.0,
21.01702308654785,
0.0,
0.0,
0.0,
0.0,
0.0,
0.0,
0.0,
0.0,
345.2817077636719,
290.7437438964844,
0.0,
61.75507736206055,
0.0,
0.0,
491.24139404296875,
0.0,
168.2666473388672,
56.519622802734375,
0.0,
0.0,
0.0,
0.0,
0.0,
0.0,
0.0,
0.0,
0.0,
0.0,
0.0,
0.0,
0.0,
0.0,
0.0,
0.0,
69.13614654541016,
0.0,
0.0,
0.0,
0.0,
0.0,
0.0,
0.0,
0.0,
554.5626831054688,
0.0,
0.0,
28.187314987182617,
0.0,
0.0,
0.0,
0.0,
41.137794494628906,
0.0,
92.02015686035156,
0.0,
0.0,
0.0,
0.0,
0.0,
0.0,
0.0,
0.0,
0.0,
0.0,
175.1300048828125,
0.0,
0.0,
0.0,
0.0,
0.0,
0.0,
0.0,
0.0,
393.80450439453125,
0.0,
4.540319919586182,
0.0,
0.0,
0.0,
17.974884033203125,
689.806640625,
0.0,
0.0,
0.0,
99.6041488647461,
0.0,
0.0,
0.0,
0.0,
216.67396545410156,
0.0,
0.0,
0.0,
0.0,
76.64949798583984,
0.0,
0.0,
0.0,
156.5412139892578,
0.0,
0.0,
0.0,
0.0,
59.999298095703125,
0.0,
0.0,
0.0,
0.0,
0.0,
119.46614837646484,
0.0,
0.0,
0.0,
46.09326934814453,
0.0,
63.35087966918945,
0.0,
0.0,
0.0,
163.08416748046875,
0.0,
0.0,
0.0,
123.98421478271484,
0.0,
0.0,
0.0,
0.0,
0.0,
0.0,
0.0,
0.0,
0.0,
0.0,
521.001220703125,
0.0,
0.0,
0.0,
0.0,
0.0,
0.0,
0.0,
0.0,
0.0,
143.3533935546875,
119.724609375,
0.0,
0.0,
722.0867919921875,
0.0,
0.0,
0.0,
451.8485107421875,
99.7989273071289,
0.0,
0.0,
0.0,
0.0,
0.0,
99.21372985839844,
1208.6204833984375,
0.0,
0.0,
0.0,
93.49049377441406,
39.676666259765625,
306.87396240234375,
236.98709106445312,
197.8642578125,
61.658531188964844,
374.8913879394531,
0.0,
0.0,
0.0,
422.47344970703125,
0.0,
0.0,
710.5017700195312,
0.0,
0.0,
0.0,
0.0,
0.0,
0.0,
0.0,
0.0,
43.90463638305664,
0.0,
0.0,
0.0,
0.0,
0.0,
175.21441650390625,
0.0,
0.0,
0.0,
126.63468170166016,
0.0,
0.0,
0.0,
0.0,
56.94511413574219,
0.0,
0.0,
0.0,
0.0,
117.21873474121094,
0.0,
0.6759687066078186,
0.0,
0.0,
233.3519287109375,
96.63118743896484,
0.0,
0.0,
0.0,
0.0,
0.0,
0.0,
0.0,
0.0,
0.0,
0.0,
0.0,
84.8810043334961,
388.2203674316406,
0.0,
0.0,
0.0,
0.0,
0.0,
0.0,
0.0,
0.0,
0.0,
0.0,
0.0,
137.8977813720703,
0.0,
0.0,
0.0,
0.0,
96.24481964111328,
0.0,
0.0,
0.0,
147.94232177734375,
0.0,
335.193603515625,
0.0,
0.0,
96.98342895507812,
0.0,
1154.92724609375,
0.0,
0.0,
0.0,
97.73899841308594,
0.0,
0.0,
421.5273132324219,
34.3593864440918,
0.0,
0.0,
0.0,
0.0,
556.3037109375,
0.0,
0.0,
0.0,
0.0,
0.0,
0.0,
0.0,
0.0,
0.0,
0.0,
0.0,
0.0,
101.4084701538086,
105.61384582519531,
0.0,
0.0,
0.0,
0.0,
0.0,
0.0,
0.0,
0.0,
986.4277954101562,
0.0,
0.0,
1245.0562744140625,
0.0,
304.1554870605469,
0.0,
0.0,
0.0,
40.26975631713867,
0.0,
0.0,
0.0,
98.00859069824219,
298.5444030761719,
56.23606491088867,
0.0,
0.0,
0.0,
0.0,
0.0,
7.050057888031006,
0.0,
0.0,
0.0,
0.0,
0.0,
41.544029235839844,
66.70691680908203,
0.0,
80.47410583496094,
0.0,
0.0,
0.0,
0.0,
0.0,
0.0,
0.0,
0.0,
0.0,
168.83937072753906,
219.15235900878906,
0.0,
0.0,
0.0,
0.0,
394.536865234375,
0.0,
0.0,
0.0,
0.0,
0.0,
0.0,
258.5520324707031,
0.0,
0.0,
0.0,
0.0,
0.0,
0.0,
75.35758972167969,
0.0,
0.0,
275.7723388671875,
0.0,
0.0,
0.0,
0.0,
48.606571197509766,
496.28009033203125,
0.0,
0.0,
0.0,
602.5192260742188,
168.62655639648438,
0.0,
0.0,
192.32383728027344,
0.0,
0.0,
0.0,
182.7069854736328,
0.0,
0.0,
0.0,
0.0,
0.0,
0.0,
0.0,
0.0,
0.0,
153.97451782226562,
0.0,
0.0,
397.1112976074219,
0.0,
0.0,
0.0,
0.0,
0.0,
1174.97021484375,
138.57284545898438,
0.0,
0.0,
60.926143646240234,
0.0,
474.94842529296875,
236.26812744140625,
6.369867324829102,
39.379310607910156,
0.0,
0.0,
0.0,
0.0,
9.413899421691895,
0.0,
0.0,
0.0,
0.0,
0.0,
0.0,
0.0,
429.17193603515625,
1.3340623378753662,
0.0,
0.0,
0.0,
0.0,
361.7974548339844,
0.0,
0.0,
32.680946350097656,
0.0,
0.0,
0.0,
0.0,
0.0,
0.0,
0.0,
0.0,
67.89541625976562,
0.0,
0.0,
0.0,
54.840450286865234,
0.0,
168.3429412841797,
5.2144575119018555,
0.0,
0.0,
266.66534423828125,
0.0,
0.0,
0.0,
0.0,
0.0,
58.70188522338867,
0.0,
0.0,
0.0,
0.0,
0.0,
0.0,
0.0,
0.0,
248.7929229736328,
0.0,
0.0,
0.0,
0.0,
0.0,
0.0,
0.0,
0.0,
0.0,
518.9017333984375,
0.0,
241.2364959716797,
185.38768005371094,
0.0,
0.0,
0.0,
0.0,
0.0,
301.3830871582031,
0.0,
0.0,
0.0,
78.08180236816406,
0.0,
0.0,
0.0,
0.0,
263.5908203125,
92.7032470703125,
0.0,
176.00144958496094,
0.0,
0.0,
0.0,
38.37636184692383,
0.0,
0.0,
0.0,
0.0,
0.0,
0.0,
0.0,
337.9446716308594,
46.70063781738281,
136.69039916992188,
0.0,
0.0,
0.0,
215.6234130859375,
0.0,
756.4108276367188,
63.16799545288086,
0.0,
0.0,
0.0,
0.0,
0.0,
73.30842590332031,
0.0,
73.41813659667969,
70.07331085205078,
351.7049255371094,
351.7411193847656,
0.0,
0.0,
0.0,
0.0,
217.92828369140625,
0.0,
0.0,
0.0,
0.0,
278.96405029296875,
0.0,
55.62285232543945,
0.0,
0.0,
0.0,
70.09458923339844,
0.0,
308.2693176269531,
0.0,
0.0,
0.0,
0.0,
0.0,
0.0,
34.80470657348633,
0.0,
0.0,
256.5387878417969,
0.0,
155.53533935546875,
0.0,
0.0,
108.06663513183594,
0.0,
0.0,
0.0,
0.0,
0.0,
89.64360809326172,
0.0,
4.906627178192139,
51.17854309082031,
0.0,
0.0,
0.0,
0.0,
0.0,
33.196109771728516,
0.0,
1108.56396484375,
0.0,
211.593994140625,
559.2823486328125,
0.0,
0.0,
0.0,
225.88697814941406,
0.0,
0.0,
0.0,
0.0,
0.0,
0.0,
0.0,
0.0,
0.0,
912.5098876953125,
0.0,
0.0,
0.0,
0.0,
8.655375480651855,
0.0,
0.0,
0.0,
0.0,
0.0,
0.0,
223.0055694580078,
0.0,
0.0,
0.0,
0.0,
0.0,
0.0,
223.5037841796875,
0.0,
43.32649230957031,
0.0,
0.0,
0.0,
0.0,
0.0,
0.0,
0.0,
63.81258010864258,
0.0,
139.64862060546875,
0.0,
0.0,
0.0,
0.0,
0.0,
0.0,
0.0,
0.0,
0.0,
0.0,
0.0,
0.0,
0.0,
1652.3819580078125,
0.0,
0.0,
291.79443359375,
0.0,
0.0,
0.0,
0.0,
0.0,
0.0,
0.0,
0.0,
174.48434448242188,
0.0,
0.0,
0.0,
585.609130859375,
0.0,
0.0,
57.48241424560547,
0.0,
0.0,
40.13530731201172,
0.0,
0.0,
0.0,
128.986572265625,
0.0,
0.0,
1876.6649169921875,
0.0,
0.0,
127.49089050292969,
0.0,
0.0,
90.30951690673828,
11.902331352233887,
0.0,
0.0,
0.0,
0.0,
0.0,
0.0,
234.5303955078125,
0.0,
0.0,
0.0,
238.97727966308594,
0.0,
143.6454315185547,
100.59123229980469,
0.0,
0.0,
0.0,
0.0,
0.0,
0.0,
0.0,
0.0,
1004.3147583007812,
0.0,
96.26951599121094,
0.0,
0.0,
97.32901763916016,
0.0,
0.0,
93.50008392333984,
0.0,
0.0,
0.0,
0.0,
0.0,
0.0,
0.0,
0.0,
0.0,
0.0,
0.0,
0.0,
0.0,
0.0,
0.0,
245.6280517578125,
36.22534942626953,
113.6875991821289,
183.66900634765625,
0.0,
0.0,
0.0,
0.0,
0.0,
0.0,
0.0,
0.0,
86.29650115966797,
0.0,
0.0,
0.0,
0.0,
86.75554656982422,
0.0,
125.48468017578125,
0.0,
0.0,
7.638586521148682,
0.0,
0.0,
0.0,
0.0,
0.0,
0.0,
0.0,
0.0,
58.77008819580078,
0.0,
0.0,
202.02108764648438,
0.0,
0.0,
0.0,
82.7136001586914,
0.0,
0.0,
0.0,
0.0,
0.0,
0.0,
0.7367247343063354,
0.0,
0.0,
1030.65380859375,
0.0,
0.0,
0.0,
0.0,
0.0,
0.0,
38.55946731567383,
29.682594299316406,
0.0,
0.0,
0.0,
0.0,
346.7709045410156,
361.23919677734375,
0.0,
114.92394256591797,
0.0,
383.73968505859375,
0.0,
0.0,
245.9840850830078,
0.0,
0.0,
0.0,
0.0,
151.9695587158203,
909.3024291992188,
71.1749038696289,
0.0,
0.0,
0.0,
0.0,
250.19859313964844,
416.86236572265625,
0.0,
18.774578094482422,
0.0,
228.28944396972656,
0.0,
0.0,
0.0,
26.322792053222656,
57.28256607055664,
0.0,
0.0,
0.0,
0.0,
0.0,
0.0,
0.0,
0.0,
0.0,
0.0,
0.0,
0.0,
0.0,
21.33262062072754,
0.0,
144.33409118652344,
0.0,
0.0,
0.0,
115.61691284179688,
0.0,
0.0,
0.0,
0.0,
230.38087463378906,
0.0,
225.80084228515625,
1037.2613525390625,
0.0,
0.0,
0.0,
0.0,
35.60123062133789,
36.275360107421875,
0.0,
449.3992919921875,
0.0,
0.0,
0.0,
0.0,
1030.93115234375,
0.0,
225.8394775390625,
0.0,
1.4746702909469604,
4992.0283203125,
0.0,
0.0,
0.0,
0.0,
313.4951171875,
0.0,
0.0,
0.0,
0.0,
0.0,
0.0,
0.0,
236.23712158203125,
15.202168464660645,
0.0,
0.0,
298.599853515625,
0.0,
0.0,
0.0,
1.8980333805084229,
0.0,
0.0,
0.0,
0.0,
0.0,
0.0,
0.0,
72.36323547363281,
275.46990966796875,
0.0,
0.0,
0.0,
0.0,
0.0,
0.0,
0.0,
0.0,
171.08346557617188,
1679.7564697265625,
273.4608459472656,
29.914777755737305,
0.0,
0.0,
136.31021118164062,
0.0,
0.0,
0.0,
0.0,
0.0,
0.0,
0.0,
0.0,
991.873779296875,
0.0,
0.0,
10.76327133178711,
0.0,
0.0,
0.0,
93.42090606689453,
0.0,
0.0,
0.0,
70.7574462890625,
28.99367904663086,
0.0,
0.0,
0.0,
57.48738098144531,
0.0,
176.2556915283203,
0.0,
89.99311828613281,
0.0,
679.8842163085938,
0.0,
0.0,
0.0,
0.0,
0.0,
160.7847137451172,
0.0,
0.0,
0.0,
0.0,
0.0,
247.7907257080078,
0.0,
0.0,
0.0,
32.966957092285156,
0.0,
0.0,
0.0,
658.0077514648438,
0.0,
0.0,
0.0,
0.0,
0.0,
0.0,
0.0,
0.0,
56.27826690673828,
9.81973648071289,
0.0,
0.0,
0.0,
0.0,
34.145938873291016,
0.0,
0.0,
22.899246215820312,
0.0,
0.0,
0.0,
31.00598907470703,
0.0,
0.0,
0.0,
0.0,
61.0971794128418,
3.5123214721679688,
1139.5989990234375,
29.1077938079834,
0.0,
98.91236114501953,
0.0,
183.4313507080078,
0.0,
0.0,
0.0,
0.0,
57.98415756225586,
0.0,
6.342940330505371,
0.0,
0.0,
0.0,
0.0,
0.0,
0.0,
0.0,
0.0,
0.0,
0.0,
529.868896484375,
44.697547912597656,
0.0,
0.0,
0.0,
0.0,
0.0,
0.0,
0.0,
0.0,
0.0,
0.0,
0.0,
0.0,
0.0,
0.0,
0.0,
0.0,
0.0,
0.0,
0.0,
0.0,
0.0,
487.150146484375,
21.586755752563477,
0.0,
0.0,
0.0,
0.0,
0.0,
130.37416076660156,
151.22244262695312,
3.432227849960327,
0.0,
0.0,
40.65495681762695,
0.0,
0.0,
31.69916534423828,
0.0,
0.0,
1.9236594438552856,
0.0,
0.0,
0.0,
0.0,
0.0,
4475.5185546875,
0.0,
0.0,
0.0,
2.8366923332214355,
0.0,
0.0,
0.0,
0.0,
145.2852020263672,
0.0,
0.0,
0.0,
0.0,
41.94315719604492,
0.0,
0.0,
875.1708984375,
378.44561767578125,
0.0,
0.0,
0.0,
0.0,
200.32235717773438,
0.0,
0.0,
146.2845001220703,
141.24742126464844,
308.7114562988281,
0.0,
0.0,
0.0,
0.0,
47.66839599609375,
0.0,
0.0,
0.0,
0.0,
0.0,
79.40689086914062,
0.0,
0.0,
0.0,
5.780481338500977,
0.0,
842.477783203125,
0.0,
0.0,
0.0,
0.0,
0.0,
0.0,
0.0,
0.0,
0.0,
0.0,
0.0,
0.0,
0.0,
101.46705627441406,
0.0,
0.0,
0.0,
0.0,
0.0,
0.0,
0.0,
0.0,
0.0,
0.0,
0.0,
0.0,
0.0,
80.54510498046875,
0.0,
0.0,
0.0,
42.51026153564453,
0.0,
0.0,
0.0,
106.78791809082031,
0.0,
26.36942481994629,
442.6032409667969,
0.0,
165.8021697998047,
0.0,
0.0,
0.0,
231.5408477783203,
0.0,
0.0,
0.0,
0.0,
0.0,
66.75011444091797,
0.0,
0.0,
0.0,
0.0,
0.0,
75.15259552001953,
13.425182342529297,
24.310590744018555,
562.1849365234375,
0.0,
0.9220250844955444,
337.1302185058594,
70.91354370117188,
0.0,
0.0,
0.0,
0.0,
0.0,
0.0,
0.0,
52.73872375488281,
0.0,
276.8128662109375,
0.0,
43.31450653076172,
0.0,
86.61565399169922,
0.0,
0.0,
0.0,
0.0,
520.9220581054688,
0.0,
0.0,
0.0,
0.0,
56.10664367675781,
0.0,
455.89093017578125,
222.18531799316406,
0.0,
0.0,
0.0,
0.0,
0.0,
0.0,
17.89636993408203,
0.0,
0.0,
0.0,
0.0,
0.0,
0.0,
16.461183547973633,
127.4698257446289,
54.32072830200195,
0.0,
0.0,
0.0,
0.0,
1803.6051025390625,
1.3229899406433105,
0.0,
0.0,
0.0,
0.0,
0.0,
0.0,
0.0,
420.7724609375,
0.0,
0.0,
0.0,
0.0,
0.0,
0.0,
10.625543594360352,
0.0,
0.0,
0.0,
0.0,
0.0,
69.52764892578125,
0.0,
0.0,
692.858642578125,
0.0,
40.837730407714844,
193.3971405029297,
0.0,
48.480247497558594,
0.0,
0.0,
0.0,
0.0,
0.0,
0.0,
0.0,
454.4268798828125,
0.0,
0.0,
0.0,
0.0,
0.0,
0.0,
0.0,
0.0,
0.0,
0.0,
0.0,
0.0,
0.0,
0.0,
8.763428688049316,
0.0,
96.10086059570312,
0.0,
73.73360443115234,
0.0,
252.08885192871094,
0.0,
0.0,
0.0,
170.65695190429688,
0.0,
68.95549011230469,
0.0,
257.8631591796875,
0.0,
0.0,
0.0,
0.0,
0.0,
236.24192810058594,
0.0,
0.0,
0.0,
0.0,
0.0,
0.0,
0.0,
0.0,
0.0,
141.69125366210938,
80.24158477783203,
0.0,
0.0,
0.0,
0.0,
0.0,
0.0,
0.0,
70.61004638671875,
0.0,
0.0,
0.0,
0.0,
0.0,
393.78070068359375,
0.0,
133.4711456298828,
255.4465789794922,
113.1672134399414,
189.5336456298828,
0.0,
0.0,
0.0,
0.0,
0.0,
865.4354858398438,
0.0,
0.0,
0.0,
0.0,
162.28128051757812,
0.0,
0.0,
0.0,
653.5795288085938,
0.0,
0.0,
37.28109359741211,
0.0,
0.0,
0.0,
0.0,
0.0,
0.0,
0.0,
0.0,
0.0,
0.0,
285.3790588378906,
1.869490623474121,
0.0,
876.0470581054688,
0.0,
0.0,
0.0,
0.0,
0.0,
0.0,
0.0,
180.30645751953125,
0.0,
0.0,
0.0,
0.0,
0.0,
210.30459594726562,
0.0,
0.0,
0.0,
4996.35693359375,
0.0,
0.0,
15.805076599121094,
0.0,
0.0,
0.0,
0.0,
0.0,
317.3163146972656,
0.0,
0.0,
0.0,
0.0,
0.0,
0.0,
0.0,
64.291015625,
0.0,
138.34860229492188,
0.0,
0.0,
0.0,
0.0,
0.0,
0.0,
41.316463470458984,
0.0,
0.0,
1039.9532470703125,
0.0,
0.0,
277.4223327636719,
0.0,
0.0,
0.0,
0.0,
0.0,
0.0,
0.0,
0.0,
195.4606170654297,
0.0,
134.3779296875,
0.0,
0.0,
377.5719909667969,
33.132232666015625,
298.7105407714844,
598.5985717773438,
0.0,
0.0,
0.0,
0.0,
50.45891571044922,
0.0,
0.0,
0.0,
0.0,
366.33148193359375,
0.0,
0.0,
0.0,
0.0,
0.0,
0.0,
0.0,
0.0,
0.0,
0.0,
0.0,
0.0,
0.0,
0.0,
0.0,
449.8768615722656,
142.1514892578125,
0.0,
0.0,
0.0,
365.0758056640625,
0.0,
112.7728500366211,
0.0,
0.0,
0.0,
0.0,
58.18604278564453,
0.0,
66.53951263427734,
0.0,
90.78662109375,
403.101806640625,
22.639877319335938,
61.95212936401367,
0.0,
127.21198272705078,
174.0541229248047,
0.0,
0.0,
124.84593963623047,
139.826416015625,
0.0,
0.0,
0.0,
0.0,
161.96766662597656,
65.07767486572266,
20.07102394104004,
65.0667495727539,
0.0,
162.7091522216797,
0.0,
0.0,
0.0,
0.0,
0.0,
0.0,
55.775630950927734,
0.0,
0.0,
0.0,
0.0,
668.9281005859375,
69.63459777832031,
0.0,
0.0,
0.0,
0.0,
0.0,
0.0,
0.0,
0.0,
0.0,
0.0,
0.0,
0.0,
134.33863830566406,
0.0,
0.0,
0.0,
0.0,
0.0,
0.0,
0.0,
0.0,
0.0,
0.0,
0.0,
253.8905487060547,
0.0,
0.0,
0.0,
0.0,
1317.258056640625,
0.0,
0.0,
0.0,
0.0,
0.0,
0.0,
0.0,
0.0,
0.0,
0.0,
0.0,
130.80694580078125,
0.0,
0.0,
0.0,
0.0,
0.0,
0.0,
0.0,
0.0,
0.0,
0.0,
0.0,
40.76786804199219,
0.0,
0.0,
36.68756103515625,
84.29014587402344,
0.0,
0.0,
37.054901123046875,
0.0,
0.0,
293.9533386230469,
0.0,
0.0,
14.286581039428711,
166.21617126464844,
67.22504425048828,
0.0,
0.0,
0.0,
73.98477935791016,
329.0648498535156,
0.0,
88.70086669921875,
0.0,
0.0,
0.0,
0.0,
0.0,
0.0,
78.85755157470703,
479.03546142578125,
0.0,
0.0,
0.0,
0.0,
0.0,
0.0,
0.0,
0.0,
69.08202362060547,
0.0,
0.0,
0.0,
0.0,
0.0,
0.0,
318.87652587890625,
52.17435073852539,
0.0,
0.0,
0.0,
0.0,
131.33045959472656,
0.0,
0.0,
119.88792419433594,
375.2463073730469,
0.0,
0.0,
0.0,
0.0,
0.0,
81.07192993164062,
0.0,
0.0,
0.0,
0.0,
164.53662109375,
0.0,
0.0,
0.0,
0.0,
248.017578125,
0.0,
0.0,
100.10126495361328,
0.0,
4.622858047485352,
0.0,
0.0,
0.0,
141.37026977539062,
0.0,
0.0,
0.0,
0.0,
235.7383575439453,
86.9752197265625,
0.0,
0.0,
273.6021728515625,
54.523399353027344,
5.42283821105957,
87.23570251464844,
0.0,
0.0,
111.92929077148438,
0.0,
71.94132232666016,
78.35986328125,
59.41472244262695,
0.0,
0.0,
0.0,
17.837913513183594,
0.0,
0.0,
0.0,
0.0,
0.0,
0.0,
0.0,
0.0,
0.0,
0.0,
0.0,
223.57273864746094,
59.63719177246094,
0.0,
9.980072975158691,
0.0,
1886.079345703125,
0.0,
0.0,
0.0,
0.0,
0.0,
190.06365966796875,
0.0,
0.0,
75.80245208740234,
0.0,
0.0,
22.973676681518555,
0.0,
0.0,
0.0,
0.0,
0.0,
42.269229888916016,
0.0,
0.0,
156.8660430908203,
10.58035945892334,
0.0,
0.0,
22.692487716674805,
0.0,
0.0,
0.0,
0.0,
0.0,
0.0,
103.30484771728516,
0.0,
0.0,
0.0,
0.0,
277.277587890625,
0.0,
72.74933624267578,
0.0,
0.0,
0.0,
119.48493957519531,
0.0,
47.068275451660156,
0.0,
0.0,
0.0,
0.0,
0.0,
30.79576873779297,
30.390504837036133,
0.0,
0.0,
0.0,
0.0,
0.0,
0.0,
0.0,
0.0,
0.0,
0.0,
0.0,
0.0,
0.0,
0.0,
0.0,
5.799604415893555,
0.0,
0.0,
212.7355194091797,
0.0,
0.0,
4918.2548828125,
0.0,
1559.3760986328125,
0.0,
0.0,
0.0,
0.0,
193.57650756835938,
0.0,
0.0,
0.0,
0.0,
39.87098693847656,
0.0,
0.0,
0.0,
0.0,
92.08887481689453,
362.4408264160156,
0.0,
0.0,
0.0,
0.0,
0.0,
120.42809295654297,
0.0,
9.806859970092773,
188.7307891845703,
493.5975646972656,
48.9034538269043,
0.0,
0.0,
0.0,
0.0,
0.0,
0.0,
0.0,
0.0,
0.0,
473.6830749511719,
0.0,
0.0,
0.0,
0.0,
15.295188903808594,
0.0,
0.0,
0.0,
0.0,
21.865285873413086,
0.0,
0.0,
0.0,
0.0,
0.0,
76.91587829589844,
0.0,
0.0,
0.0,
0.0,
0.0,
0.0,
0.0,
0.0,
0.0,
70.0416488647461,
0.0,
0.0,