took 131.1316196s
here is the calculated threshold vector:
161.21621704101562,
134.77066040039062,
0.0,
0.0,
0.0,
0.0,
0.0,
0.0,
189.07688903808594,
0.0,
0.0,
0.0,
0.0,
0.0,
40.91176223754883,
3.852444648742676,
266.41259765625,
0.7140984535217285,
0.0,
0.0,
0.0,
0.0,
0.0,
702.9861450195312,
0.0,
0.0,
0.0,
0.0,
0.0,
307.5977478027344,
0.0,
314.8365783691406,
139.63845825195312,
0.0,
0.0,
0.0,
0.0,
0.0,
0.0,
0.0,
53.43400192260742,
0.0,
120.01588439941406,
0.0,
0.0,
0.0,
219.32537841796875,
132.27122497558594,
213.51319885253906,
0.0,
0.0,
0.0,
24.190000534057617,
0.0,
596.870849609375,
71.09530639648438,
0.0,
75.11526489257812,
0.0,
0.0,
165.33108520507812,
0.0,
0.0,
0.0,
0.0,
0.0,
449.98577880859375,
107.23809814453125,
0.0,
0.0,
0.0,
0.0,
0.0,
0.0,
0.0,
0.0,
0.0,
0.0,
0.0,
0.0,
65.08052062988281,
0.0,
0.0,
0.0,
0.0,
135.30880737304688,
0.0,
125.33981323242188,
0.0,
0.0,
0.0,
0.0,
0.0,
0.0,
0.0,
0.0,
0.0,
0.0,
0.0,
0.0,
89.001220703125,
0.0,
0.0,
0.0,
0.0,
100.37635803222656,
2.8506734371185303,
0.0,
0.0,
0.0,
0.0,
0.0,
0.0,
0.0,
0.0,
0.0,
610.5040283203125,
0.0,
0.0,
0.0,
1586.1190185546875,
0.0,
0.0,
123.7995376586914,
0.0,
0.0,
0.0,
78.5254898071289,
56.38943862915039,
0.0,
0.0,
2464.10498046875,
716.5103759765625,
0.0,
0.0,
0.0,
0.0,
70.41329956054688,
208.34461975097656,
0.0,
0.0,
0.0,
8.294818878173828,
186.18124389648438,
1363.4014892578125,
0.0,
0.0,
0.0,
0.0,
89.15364074707031,
0.0,
0.0,
0.0,
0.0,
0.0,
39.27531814575195,
0.0,
0.0,
121.5894546508789,
126.33503723144531,
0.0,
98.14441680908203,
0.0,
442.9920349121094,
0.0,
0.0,
0.0,
0.0,
0.0,
0.0,
0.0,
0.0,
0.0,
0.0,
0.0,
130.25865173339844,
591.972412109375,
0.0,
0.0,
0.7134531140327454,
0.0,
0.0,
0.0,
0.0,
0.0,
0.0,
0.0,
0.0,
0.0,
0.0,
101.03443908691406,
0.0,
205.8275909423828,
0.0,
56.59556198120117,
0.0,
1265.770751953125,
15.921271324157715,
905.5396728515625,
0.0,
0.0,
547.4669799804688,
0.0,
0.0,
0.0,
0.0,
0.0,
0.0,
0.0,
0.0,
0.0,
0.0,
0.0,
0.0,
0.0,
0.0,
0.0,
212.15689086914062,
1.2244312763214111,
0.0,
391.0353088378906,
8.568272590637207,
0.0,
515.0111083984375,
0.0,
161.3790740966797,
0.0,
0.0,
4094.584716796875,
0.0,
0.0,
318.0592956542969,
0.0,
0.0,
20.792116165161133,
0.0,
0.0,
0.0,
0.0,
0.0,
0.0,
0.0,
0.0,
0.0,
0.0,
0.0,
30.766443252563477,
0.0,
0.0,
97.58721160888672,
410.9429931640625,
0.0,
130.04905700683594,
0.0,
0.0,
60.63375473022461,
85.23502349853516,
0.0,
0.0,
0.0,
0.0,
0.0,
0.0,
0.0,
0.0,
224.28094482421875,
0.0,
0.0,
0.0,
0.0,
0.017001261934638023,
65.3616714477539,
0.0,
0.0,
190.72219848632812,
0.0,
0.0,
0.0,
0.0,
489.69744873046875,
261.1183166503906,
0.0,
0.0,
0.0,
0.0,
0.0,
0.0,
0.0,
0.0,
55.982173919677734,
228.99429321289062,
0.0,
0.0,
0.0,
88.52499389648438,
0.0,
0.0,
0.0,
0.0,
0.0,
0.0,
0.0,
0.0,
662.3038330078125,
0.0,
0.0,
0.0,
0.0,
0.0,
34.998374938964844,
320.81201171875,
0.0,
995.4961547851562,
0.0,
0.0,
0.0,
0.0,
0.0,
0.0,
0.0,
0.0,
72.86650848388672,
424.7720031738281,
245.830322265625,
0.0,
138.35946655273438,
0.0,
0.0,
364.20074462890625,
0.0,
0.0,
0.0,
0.0,
0.0,
0.0,
0.0,
22.493913650512695,
0.0,
0.0,
17.735124588012695,
78.45023345947266,
0.0,
0.0,
0.0,
0.0,
0.0,
0.0,
302.5800476074219,
0.0,
0.0,
0.0,
0.0,
0.0,
79.27745819091797,
0.0,
0.0,
0.0,
0.0,
4744.04443359375,
161.06231689453125,
0.0,
0.0,
0.0,
0.0,
0.0,
0.0,
0.0,
0.0,
341.2750549316406,
0.0,
0.0,
0.0,
0.0,
0.0,
0.0,
0.0,
0.0,
275.66082763671875,
0.0,
0.0,
0.0,
0.0,
15.103384017944336,
52.4826774597168,
0.0,
0.0,
0.0,
0.0,
0.0,
0.0,
0.0,
34.331600189208984,
0.0,
0.0,
0.0,
244.11338806152344,
0.0,
0.0,
0.0,
0.0,
0.0,
0.0,
0.0,
0.0,
146.3208770751953,
0.0,
0.0,
0.0,
71.57408142089844,
0.0,
0.0,
0.0,
481.1392822265625,
0.0,
34.550392150878906,
177.53700256347656,
0.0,
0.0,
0.0,
0.0,
0.0,
0.0,
0.0,
0.0,
0.0,
0.0,
67.42080688476562,
61.09099197387695,
0.0,
0.0,
8.206990242004395,
0.0,
40.87141418457031,
0.0,
56.30010223388672,
0.0,
0.0,
9.338634490966797,
0.0,
0.0,
31.221668243408203,
0.0,
0.0,
0.0,
0.0,
0.0,
0.0,
0.0,
0.0,
0.0,
13.197428703308105,
0.0,
79.36224365234375,
0.0,
0.0,
144.9376220703125,
0.0,
0.0,
0.0,
0.0,
0.0,
1115.3515625,
237.9772491455078,
248.80751037597656,
8.669147491455078,
0.0,
6.850457668304443,
0.0,
0.0,
0.0,
0.0,
139.0985870361328,
0.0,
82.61222839355469,
0.0,
0.0,
241.75753784179688,
0.0,
321.7802429199219,
0.0,
0.0,
83.63280487060547,
0.0,
0.0,
0.0,
699.737548828125,
63.891178131103516,
0.0,
0.0,
53.656715393066406,
0.0,
0.0,
0.0,
0.0,
51.731998443603516,
0.0,
0.0,
0.0,
0.0,
0.0,
29.042877197265625,
0.0,
551.2605590820312,
0.0,
0.0,
0.0,
0.09653057157993317,
80.4486083984375,
0.0,
394.2537536621094,
0.0,
0.0,
347.75665283203125,
0.0,
0.0,
0.0,
0.0,
0.0,
0.0,
1015.692626953125,
0.0,
42.011962890625,
0.0,
0.0,
0.0,
1162.3125,
24.94363784790039,
0.0,
0.0,
900.6234741210938,
39.675437927246094,
0.0,
0.0,
2.5039796829223633,
21.960704803466797,
13.835637092590332,
0.0,
0.0,
0.0,
0.0,
0.0,
0.0,
0.0,
43.36402130126953,
0.0,
89.83372497558594,
0.0,
0.0,
123.87278747558594,
0.0,
0.0,
0.0,
0.0,
0.0,
0.0,
145.72216796875,
0.0,
0.0,
0.0,
0.0,
33.143096923828125,
0.0,
512.9183959960938,
462.6274719238281,
0.0,
0.0,
0.0,
0.0,
0.0,
81.2572021484375,
0.0,
0.0,
0.0,
143.41786193847656,
0.0,
0.0,
137.49839782714844,
0.0,
0.0,
0.0,
0.0,
27.461902618408203,
0.0,
28.10912322998047,
0.0,
111.82308197021484,
173.32945251464844,
0.0,
0.0,
0.0,
0.0,
0.0,
0.0,
0.0,
0.0,
0.0,
0.0,
0.0,
0.0,
512.8150634765625,
0.0,
0.0,
0.0,
0.0,
218.10609436035156,
0.0,
0.0,
0.0,
0.0,
0.0,
72.81855010986328,
0.0,
0.0,
0.0,
0.0,
0.0,
49.8350830078125,
0.0,
0.0,
0.0,
0.0,
0.0,
954.8049926757812,
0.0,
0.0,
76.65364837646484,
0.0,
279.0996398925781,
0.0,
0.0,
2.548774480819702,
0.0,
0.0,
0.0,
0.0,
12.670581817626953,
0.0,
254.42454528808594,
0.0,
0.0,
0.0,
0.0,
0.0,
0.0,
71.8647232055664,
635.4441528320312,
0.0,
53.133182525634766,
0.0,
0.0,
0.0,
171.46939086914062,
0.0,
0.0,
0.0,
0.0,
0.0,
0.0,
0.0,
0.0,
194.90289306640625,
12.001242637634277,
394.3627014160156,
0.0,
0.0,
0.0,
0.0,
157.802490234375,
150.15670776367188,
0.0,
0.0,
0.0,
0.0,
7.042681694030762,
0.0,
0.0,
248.78073120117188,
0.0,
0.0,
0.0,
0.0,
0.0,
0.0,
0.0,
0.0,
0.0,
0.0,
337.3976135253906,
0.0,
5.168956279754639,
0.0,
53.209136962890625,
0.0,
18.855884552001953,
0.0,
0.0,
0.0,
0.0,
0.0,
0.0,
0.0,
0.0,
200.4833221435547,
0.0,
735.3745727539062,
0.0,
0.0,
0.0,
22.600210189819336,
0.0,
0.0,
0.0,
0.0,
0.0,
0.0,
603.3043823242188,
0.0,
0.0,
25.529874801635742,
0.0,
0.0,
0.0,
0.0,
0.0,
0.0,
0.0,
21.657880783081055,
0.0,
92.82453918457031,
0.0,
0.0,
0.0,
0.0,
0.0,
388.71124267578125,
159.81549072265625,
291.93109130859375,
0.0,
0.0,
0.0,
0.0,
781.8770141601562,
118.74959564208984,
0.0,
0.0,
0.0,
0.0,
0.0,
0.0,
0.0,
0.0,
0.0,
0.0,
0.0,
0.0,
129.8604278564453,
0.0,
210.43214416503906,
0.0,
0.0,
114.50054931640625,
0.0,
0.0,
0.0,
0.0,
0.0,
0.0,
0.0,
0.0,
0.0,
0.0,
0.0,
0.0,
0.0,
0.0,
0.0,
0.0,
0.0,
199.00743103027344,
0.0,
0.0,
166.7369842529297,
0.0,
0.0,
0.0,
0.0,
0.0,
0.0,
0.0,
0.0,
0.0,
0.0,
0.0,
71.07170867919922,
54.877864837646484,
103.65010833740234,
175.45358276367188,
0.0,
111.87797546386719,
0.2306089848279953,
119.63262176513672,
0.0,
0.0,
119.93810272216797,
0.0,
110.48322296142578,
0.0,
0.0,
0.0,
0.0,
0.0,
0.0,
0.0,
0.0,
0.0,
0.0,
85.2850112915039,
0.0,
0.0,
346.8857421875,
0.0,
0.0,
0.0,
0.0,
0.0,
0.0,
0.0,
127.14474487304688,
86.621337890625,
0.0,
0.0,
39.68606185913086,
363.2608642578125,
136.88693237304688,
0.0,
187.98977661132812,
0.0,
0.0,
0.0,
0.0,
0.0,
0.0,
0.0,
0.0,
0.0,
0.0,
233.7493438720703,
0.0,
0.0,
0.0,
0.0,
0.0,
0.0,
0.0,
0.0,
0.0,
0.0,
0.0,
355.1926574707031,
0.0,
0.0,
0.0,
0.0,
0.0,
0.0,
1.2181309461593628,
16.24829864501953,
0.0,
0.0,
0.0,
0.0,
0.0,
0.0,
0.0,
0.0,
45.094749450683594,
235.4523468017578,
0.0,
47.54502868652344,
0.0,
0.0,
0.0,
0.0,
0.0,
0.0,
0.0,
446.5592956542969,
0.0,
0.0,
66.87226867675781,
0.0,
150.14260864257812,
0.0,
141.7913055419922,
0.0,
0.0,
279.3629150390625,
0.0,
0.0,
0.0,
80.00884246826172,
0.0,
0.0,
0.0,
0.0,
0.0,
0.0,
235.19554138183594,
0.0,
0.0,
0.0,
0.0,
0.0,
289.2808837890625,
0.0,
0.0,
0.0,
0.0,
441.7652587890625,
208.99684143066406,
0.0,
0.0,
0.0,
0.0,
0.0,
0.0,
0.0,
0.0,
0.0,
49.57874298095703,
0.0,
197.831787109375,
25.339038848876953,
13.891201972961426,
0.0,
0.0,
0.0,
0.0,
0.0,
0.0,
331.12286376953125,
366.2228088378906,
221.49989318847656,
0.0,
281.1875915527344,
0.0,
0.0,
0.0,
49.42499923706055,
0.0,
1344.47705078125,
0.0,
0.0,
0.0,
0.0,
143.8633575439453,
0.0,
0.0,
97.5373764038086,
0.0,
0.0,
0.0,
0.0,
58.630653381347656,
59.05857467651367,
98.27569580078125,
0.0,
0.0,
0.0,
0.0,
19.691856384277344,
87.41436004638672,
137.4734344482422,
0.0,
82.2518081665039,
0.0,
0.0,
0.0,
0.0,
0.0,
0.0,
0.0,
0.0,
0.0,
0.0,
69.88577270507812,
0.0,
0.0,
0.0,
0.0,
281.5064697265625,
0.0,
432.79620361328125,
1054.2518310546875,
0.0,
0.0,
0.0,
0.0,
0.0,
0.0,
0.0,
0.0,
79.63475799560547,
0.0,
0.0,
343.7869873046875,
0.0,
0.0,
0.0,
0.0,
0.0,
0.0,
0.0,
84.54283905029297,
0.0,
28.867921829223633,
0.0,
0.0,
0.0,
12.576783180236816,
0.0,
0.0,
43.145469665527344,
0.0,
0.0,
148.65853881835938,
0.0,
20.133968353271484,
311.02227783203125,
0.0,
0.0,
584.102294921875,
0.0,
0.0,
0.0,
0.0,
148.21209716796875,
0.0,
0.0,
43.5238151550293,
0.0,
0.0,
0.0,
0.0,
0.0,
0.0,
0.0,
0.0,
276.5771789550781,
0.0,
0.0,
74.75457763671875,
0.0,
48.741024017333984,
0.0,
106.03202819824219,
425.3520812988281,
2873.950439453125,
0.0,
65.63994598388672,
0.0,
0.0,
55.65083694458008,
171.91873168945312,
186.60313415527344,
0.0,
29.74805450439453,
0.0,
0.0,
140.4956817626953,
0.0,
113.81307220458984,
72.51602172851562,
47.149810791015625,
0.0,
0.0,
0.0,
41.716087341308594,
0.0,
0.0,
144.12191772460938,
283.5707702636719,
0.0,
0.0,
0.0,
184.75875854492188,
0.0,
0.0,
0.0,
0.0,
0.0,
0.0,
266.4000549316406,
122.01800537109375,
0.0,
0.0,
0.0,
0.0,
0.0,
0.0,
0.0,
0.0,
0.0,
0.0,
0.0,
2004.099853515625,
0.0,
0.0,
0.0,
0.0,
0.0,
344.7564392089844,
0.0,
0.0,
4.867510795593262,
219.5655517578125,
0.0,
0.0,
0.0,
0.0,
662.7989501953125,
0.0,
0.0,
0.0,
0.0,
0.0,
0.0,
49.182167053222656,
0.0,
22.987342834472656,
257.0996398925781,
0.0,
0.0,
104.64614868164062,
0.0,
0.0,
0.0,
0.0,
96.16728973388672,
0.0,
0.0,
111.47374725341797,
0.0,
1699.5450439453125,
0.0,
864.0765991210938,
0.0,
0.0,
0.0,
0.0,
0.0,
0.0,
0.0,
0.0,
0.0,
468.4203796386719,
0.0,
0.0,
0.0,
0.0,
0.0,
0.0,
0.0,
0.0,
0.0,
0.0,
0.0,
0.0,
15.88178539276123,
0.0,
0.0,
0.0,
0.0,
72.71712493896484,
282.7893371582031,
55.52207565307617,
0.0,
236.83218383789062,
146.28504943847656,
0.0,
0.0,
0.0,
129.49383544921875,
84.02503204345703,
0.0,
0.0,
435.9356689453125,
0.0,
0.0,
0.0,
0.0,
0.0,
0.0,
0.0,
108.2367935180664,
74.75829315185547,
57.612491607666016,
68.65933990478516,
0.0,
0.0,
7.698763370513916,
0.0,
458.6769714355469,
0.0,
84.94103240966797,
0.0,
0.0,
0.0,
0.0,
0.0,
66.23621368408203,
0.0,
0.0,
0.0,
0.0,
0.0,
0.0,
180.724609375,
0.0,
0.0,
194.1973419189453,
362.5654602050781,
531.0762939453125,
107.28643798828125,
0.0,
0.0,
0.0,
0.0,
0.0,
11.430899620056152,
0.0,
0.0,
0.0,
0.0,
430.9797668457031,
0.0,
0.0,
0.0,
0.0,
0.0,
0.0,
0.0,
0.0,
0.0,
0.0,
265.2007141113281,
0.0,
28.41682243347168,
0.0,
193.66725158691406,
0.0,
136.94508361816406,
70.8060302734375,
134.94468688964844,
0.0,
0.0,
0.0,
0.0,
0.0,
0.0,
0.0,
0.0,
0.0,
0.0,
0.0,
0.0,
0.0,
0.0,
68.95488739013672,
0.0,
0.0,
0.0,
0.0,
0.0,
0.0,
0.0,
0.0,
0.0,
6.324552536010742,
0.0,
0.0,
0.0,
144.95669555664062,
0.0,
0.0,
0.0,
0.0,
0.0,
181.43087768554688,
0.0,
0.0,
0.0,
0.0,
103.62784576416016,
0.0,
0.0,
163.0319061279297,
0.0,
0.0,
0.0,
168.952880859375,
0.0,
70.06725311279297,
0.0,
0.0,
0.0,
16.740257263183594,
0.0,
377.6210021972656,
0.0,
11.90179443359375,
0.0,
278.42974853515625,
0.0,
0.0,
0.0,
0.0,
0.0,
141.15316772460938,
67.95343780517578,
0.0,
0.0,
0.0,
143.28414916992188,
0.0,
50.27274703979492,
0.0,
0.0,
0.0,
0.0,
0.0,
0.0,
372.9049072265625,
0.0,
0.0,
0.0,
0.0,
0.0,
0.0,
85.04774475097656,
0.0,
496.06768798828125,
0.0,
0.0,
0.0,
0.0,
0.0,
0.0,
0.0,
470.43359375,
20.010150909423828,
0.0,
0.0,
0.0,
0.0,
0.0,
0.0,
0.0,
0.0,
348.6551513671875,
0.0,
0.0,
75.45164489746094,
0.0,
0.0,
0.0,
0.0,
832.1427001953125,
0.0,
0.0,
785.6539306640625,
0.0,
0.0,
0.0,
0.0,
0.0,
60.40742111206055,
75.51298522949219,
0.0,
85.0517807006836,
0.0,
0.0,
0.0,
0.0,
40.138736724853516,
0.0,
0.0,
1576.8316650390625,
0.0,
133.96597290039062,
0.0,
0.0,
0.0,
0.0,
0.0,
63.554588317871094,
0.0,
0.0,
0.0,
94.87606811523438,
0.0,
34.350399017333984,
0.0,
0.0,
0.0,
0.0,
0.0,
56.19024658203125,
0.0,
0.0,
0.0,
792.649658203125,
0.0,
111.23403930664062,
0.0,
0.0,
323.4055480957031,
0.0,
23.797000885009766,
0.0,
165.09007263183594,
0.0,
0.0,
6.435920715332031,
0.0,
239.41635131835938,
0.0,
0.0,
0.0,
0.0,
0.0,
256.7403869628906,
0.0,
0.0,
0.0,
0.0,
0.0,
332.9266052246094,
0.0,
0.0,
112.38992309570312,
0.0,
0.0,
0.0,
170.6755828857422,
0.0,
18.206663131713867,
0.0,
0.0,
99.87866973876953,
29.874774932861328,
53.71352005004883,
0.0,
0.0,
0.0,
0.0,
241.1067352294922,
0.0,
706.9625244140625,
0.0,
0.0,
0.0,
308.012451171875,
0.0,
0.0,
0.0,
264.552978515625,
0.0,
77.39801788330078,
0.0,
55.12730026245117,
859.8771362304688,
0.0,
64.76959228515625,
0.0,
45.63668441772461,
0.0,
0.0,
93.14727783203125,
381.61163330078125,
0.0,
0.0,
0.0,
0.0,
552.3086547851562,
0.0,
64.65206909179688,
0.0,
0.0,
0.0,
57.65443420410156,
0.0,
49.65037155151367,
0.0,
55.175411224365234,
0.0,
0.0,
276.5411682128906,
173.12554931640625,
0.0,
46.47929382324219,
0.0,
0.0,
0.0,
0.0,
140.9458770751953,
0.0,
175.72744750976562,
2255.00390625,
0.0,
0.0,
0.0,
0.0,
0.0,
2.7675344944000244,
0.0,
354.9712829589844,
0.0,
0.0,
0.0,
258.72808837890625,
84.34652709960938,
0.0,
0.0,
651.0713500976562,
335.15545654296875,
0.0,
0.0,
0.0,
0.0,
546.4437255859375,
0.0,
0.0,
93.93634796142578,
0.0,
0.0,
0.0,
0.0,
0.0,
0.0,
0.0,
0.0,
57.83345413208008,
0.0,
0.0,
0.0,
0.0,
0.0,
0.0,
274.6009216308594,
76.21774291992188,
0.0,
200.43753051757812,
22.352867126464844,
0.0,
0.0,
0.0,
17.242273330688477,
54.13795471191406,
0.0,
0.0,
68.04170989990234,
55.45903396606445,
0.0,
0.0,
0.0,
0.0,
0.0,
0.0,
0.0,
0.0,
0.0,
0.0,
0.0,
0.0,
0.0,
0.0,
30.183712005615234,
0.0,
0.0,
0.0,
0.0,
0.0,
0.0,
0.0,
0.0,
0.0,
0.0,
0.0,
136.389892578125,
0.0,
0.0,
0.0,
0.0,
0.0,
0.0,
0.0,
0.0,
0.0,
0.0,
0.0,
0.0,
0.0,
144.16842651367188,
0.0,
0.0,
72.42628479003906,
0.0,
0.0,
471.790283203125,
320.25665283203125,
0.0,
0.0,
0.0,
0.0,
126.90019226074219,
0.0,
2.841794490814209,
0.0,
0.5106639266014099,
0.0,
0.0,
0.0,
0.0,
0.0,
0.0,
352.3686828613281,
0.0,
0.0,
0.0,
0.0,
0.0,
149.54788208007812,
0.0,
152.2271728515625,
3547.91015625,
0.0,
58.60212707519531,
0.0,
0.0,
0.0,
77.70328521728516,
0.0,
0.0,
0.0,
0.0,
7.888874530792236,
327.871337890625,
0.0,
0.0,
0.0,
0.0,
0.0,
0.0,
111.28656768798828,
3.498340606689453,
0.0,
165.8401641845703,
0.0,
0.0,
0.0,
0.0,
0.0,
0.0,
0.0,
0.0,
0.0,
0.0,
0.0,
0.0,
99.77705383300781,
0.0,
530.15234375,
0.0,
0.0,
0.0,
203.4012908935547,
189.88282775878906,
0.0,
0.0,
0.0,
0.0,
0.0,
0.0,
0.0,
0.0,
59.22623062133789,
0.0,
0.0,
0.0,
0.0,
0.0,
103.32061767578125,
0.0,
0.0,
0.0,
0.0,
0.0,
271.60186767578125,
0.0,
762.22607421875,
0.0,
0.0,
0.0,
0.0,
351.40771484375,
87.07648468017578,
0.0,
20.250944137573242,
400.918701171875,
0.0,
0.0,
0.0,
203.51361083984375,
0.0,
0.0,
0.0,
38.65935516357422,
0.0,
0.0,
0.0,
0.0,
0.0,
0.0,
0.0,
0.0,
0.0,
0.27507540583610535,
0.0,
27.442424774169922,
0.0,
0.0,
0.0,
0.0,
0.0,
0.0,
81.41036224365234,
258.9786682128906,
0.0,
3166.069580078125,
13.87087345123291,
0.0,
0.0,
0.0,
85.09244537353516,
0.0,
41.38155746459961,
0.0,
0.0,
130.56689453125,
0.0,
0.0,
86.1962661743164,
0.0,
196.12770080566406,
0.0,
1464.4912109375,
6.443881988525391,
0.0,
177.05715942382812,
0.9408484101295471,
0.0,
0.0,
0.0,
0.0,
0.0,
0.0,
0.0,
0.0,
0.0,
0.0,
0.0,
0.0,
0.0,
0.0,
96.3545913696289,
0.0,
0.0,
0.0,
0.0,
0.0,
0.0,
0.0,
0.0,
0.0,
0.0,
37.1763801574707,
0.0,
0.0,
0.0,
605.0318603515625,
0.0,
29.11687660217285,
0.0,
0.0,
0.0,
450.1944580078125,
27.821496963500977,
0.0,
100.12877655029297,
0.0,
0.0,
0.0,
6.914953708648682,
0.0,
0.0,
0.0,
0.0,
0.0,
0.0,
0.0,
361.01422119140625,
0.0,
0.0,
13.057220458984375,
513.6115112304688,
0.0,
0.0,
0.0,
0.0,
0.0,
0.0,
374.0611572265625,
84.03002166748047,
0.0,
300.0198974609375,
0.0,
129.28713989257812,
60.28411102294922,
119.83377075195312,
0.0,
89.6140365600586,
0.0,
0.0,
0.0,
0.0,
0.0,
0.0,
532.7852172851562,
0.0,
0.0,
0.0,
0.0,
0.0,
0.0,
12.637657165527344,
285.4360656738281,
0.0,
0.0,
0.0,
147.9501953125,
0.0,
0.0,
0.0,
0.0,
109.18765258789062,
427.547607421875,
0.0,
21.79425621032715,
0.0,
0.0,
0.0,
0.0,
0.0,
142.4844970703125,
0.0,
9.825108528137207,
84.6838607788086,
0.0,
0.0,
0.0,
0.0,
0.0,
0.0,
0.0,
0.0,
0.0,
263.4697265625,
0.0,
0.0,
20.002750396728516,
125.71778869628906,
564.4734497070312,
103.77371215820312,
0.0,
0.0,
0.0,
222.59649658203125,
155.74839782714844,
31.896724700927734,
0.0,
124.18692016601562,
0.0,
0.0,
0.0,
75.99298095703125,
0.0,
0.0,
0.0,
0.0,
0.0,
0.0,
0.0,
0.0,
0.0,
0.0,
0.0,
0.0,
88.8014144897461,
0.0,
0.0,
0.0,
0.0,
0.0,
0.0,
0.0,
373.1953125,
0.0,
43.37523651123047,
0.0,
0.0,
152.93348693847656,
0.0,
0.0,
83.46952056884766,
0.0,
0.0,
0.0,
0.0,
0.0,
100.49842834472656,
538.1761474609375,
0.0,
0.0,
0.0,
0.0,
211.46388244628906,
0.0,
0.0,
20.236906051635742,
0.0,
0.0,
0.0,
0.0,
0.0,
20.28569221496582,
0.0,
0.0,
0.0,
0.0,
0.0,
0.0,
0.0,
0.0,
0.0,
0.0,
0.0,
0.28582197427749634,
0.0,
23.697263717651367,
0.0,
32.87483215332031,
0.0,
0.0,
0.0,
0.0,
38.14190673828125,
0.0,
0.0,
0.0,
66.86701202392578,
0.0,
0.0,
0.0,
0.0,
0.0,
0.0,
0.0,
297.6837158203125,
0.0,
53.923404693603516,
0.0,
0.0,
161.48687744140625,
1761.212890625,
14.049661636352539,
0.0,
137.03787231445312,
0.0,
2683.072021484375,
118.99605560302734,
0.0,
0.0,
387.56201171875,
63.57846450805664,
0.0,
0.0,
487.6913146972656,
0.0,
0.0,
0.0,
0.0,
91.26065063476562,
0.0,
0.0,
0.0,
0.0,
174.68809509277344,
68.51775360107422,
0.0,
1084.73681640625,
0.0,
0.0,
13.097078323364258,
9.817769050598145,
0.0,
0.0,
0.0,
0.0,
0.0,
0.0,
0.0,
0.0,
0.0,
0.0,
0.0,
0.0,
51.33057403564453,
0.0,
604.8049926757812,
837.5814208984375,
0.0,
0.0,
0.0,
0.0,
0.0,
0.0,
0.0,
0.0,
0.0,
151.40467834472656,
11.190410614013672,
0.0,
0.0,
0.0,
0.0,
0.0,
0.0,
0.0,
0.0,
0.0,
0.0,
0.0,
0.0,
0.0,
0.0,
0.0,
22.615819931030273,
0.0,
0.0,
54.82243728637695,
21.435640335083008,
0.0,
68.9854507446289,
1142.143310546875,
0.0,
0.0,
0.0,
0.0,
0.0,
129.11561584472656,
0.0,
0.0,
130.48097229003906,
0.0,
0.0,
0.0,
0.0,
94.59923553466797,
0.0,
120.83822631835938,
0.0,
0.0,
132.7952117919922,
0.0,
0.0,
0.0,
165.63641357421875,
0.0,
0.0,
4996.70751953125,
0.0,
0.5550097823143005,
0.0,
0.0,
415.8968505859375,
0.0,
0.0,
0.0,
285.1801452636719,
0.0,
0.0,
0.0,
16.667505264282227,
0.0,
0.0,
40.85321044921875,
0.0,
28.691322326660156,
0.0,
0.0,
0.0,
0.0,
190.880859375,
0.0,
0.0,
0.0,
146.4475860595703,
0.0,
0.0,
366.9549255371094,
0.0,
0.0,
0.0,
0.0,
0.0,
72.64757537841797,
0.0,
11.215685844421387,
292.1419982910156,
0.0,
0.0,
0.0,
0.0,
0.0,
258.918701171875,
0.0,
0.0,
0.0,
0.0,
97.5086441040039,
0.0,
71.10186004638672,
0.0,
0.0,
0.0,
0.0,
64.00299835205078,
0.0,
0.0,
0.0,
0.0,
0.0,
0.0,
0.0,
490.9393615722656,
283.6654052734375,
0.0,
0.0,
164.88246154785156,
0.0,
0.0,
0.0,
76.22752380371094,
25.93635368347168,
0.0,
0.0,
92.5005874633789,
0.0,
0.0,
94.15202331542969,
43.77304458618164,
0.0,
0.0,
0.0,
145.8927001953125,
0.0,
0.0,
0.0,
0.0,
0.0,
0.0,
0.0,
0.0,
0.0,
0.0,
0.0,
0.0,
0.0,
0.0,
73.27082824707031,
0.0,
0.0,
297.34423828125,
6.566227912902832,
0.0,
0.0,
0.0,
0.0,
0.0,
0.0,
0.0,
548.8077392578125,
0.0,
0.0,
0.0,
0.0,
370.4055480957031,
1369.3314208984375,
0.0,
198.6450958251953,
0.0,
0.0,
0.0,
0.0,
0.0,
0.0,
0.0,
0.0,
0.0,
0.0,
0.0,
0.0,
0.0,
0.0,
0.0,
347.193115234375,
123.0060806274414,
232.34681701660156,
0.0,
0.0,
0.0,
0.0,
0.0,
0.0,
0.0,
70.01102447509766,
0.0,
0.0,
0.0,
0.0,
0.0,
0.0,
0.0,
0.0,
0.0,
0.0,
0.0,
0.0,
0.0,
959.3175659179688,
0.0,
0.0,
0.0,
0.0,
0.0,
0.0,
0.0,
0.0,
0.0,
94.59272766113281,
0.0,
0.0,
0.0,
0.0,
0.0,
0.0,
0.0,
0.0,
0.0,
0.0,
170.56033325195312,
0.0,
0.0,
27.74089813232422,
0.0,
1970.3660888671875,
0.0,
0.0,
0.0,
0.0,
0.0,
0.0,
221.00738525390625,
229.29954528808594,
0.0,
0.0,
0.0,
100.55565643310547,
0.0,
0.0,
0.0,
0.0,
144.0940704345703,
197.0425567626953,
0.0,
0.0,
0.0,
268.386962890625,
0.0,
75.44155883789062,
0.0,
0.0,
0.0,
2.2106025218963623,
0.0,
28.86838722229004,
0.0,
0.0,
0.0,
0.0,
0.0,
1091.5447998046875,
119.37674713134766,
0.0,
0.0,
163.54373168945312,
0.0,
0.0,
0.0,
0.0,
0.0,
111.28092956542969,
0.0,
0.0,
1.5853705406188965,
0.0,
1092.6275634765625,
0.0,
0.0,
0.0,
0.0,
0.0,
0.0,
0.0,
6.019603252410889,
0.0,
0.0,
0.0,
0.0,
119.10662841796875,
0.0,
729.9586181640625,
0.0,
0.0,
0.0,
0.0,
30.247323989868164,
0.0,
0.0,
33.22949981689453,
0.0,
64.52246856689453,
0.0,
0.0,
212.27500915527344,
0.0,
0.0,
40.654544830322266,
0.0,
0.0,
0.0,
519.8128662109375,
76.86724090576172,
0.0,
0.0,
775.9369506835938,
0.0,
0.0,
0.0,
0.0,
0.0,
0.0,
0.0,
54.48796844482422,
0.0,
0.0,
0.0,
0.0,
237.64930725097656,
0.0,
0.0,
0.0,
0.0,
0.0,
0.0,
0.0,
0.0,
0.0,
0.0,
75.97332000732422,
0.0,
0.0,
0.0,
172.63441467285156,
0.0,
0.0,
0.0,
0.0,
0.0,
0.0,
0.0,
0.0,
0.0,
0.0,
503.026123046875,
551.1925659179688,
95.86781311035156,
532.2536010742188,
0.0,
0.0,
0.0,
0.0,
0.0,
0.0,
140.90040588378906,
77.11078643798828,
0.0,
0.0,
469.8363037109375,
250.37887573242188,
0.0,
0.0,
0.0,
0.0,
0.0,
0.0,
0.0,
0.0,
0.0,
0.0,
0.0,
0.0,
0.0,
0.0,
0.0,
0.0,
0.0,
0.0,
201.94924926757812,
0.0,
0.0,
0.0,
53.39456558227539,
156.07618713378906,
0.0,
0.0,
0.0,
0.0,
0.0,
0.0,
0.0,
0.0,
0.0,
1016.9646606445312,
0.0,
0.0,
0.0,
35.22128677368164,
0.0,
0.0,
0.0,
0.0,
20.93720054626465,
0.0,
0.0,
0.0,
399.4327697753906,
0.0,
0.0,
0.0,
0.0,
0.0,
0.0,
0.0,
0.0,
0.0,
0.0,
0.0,
1512.2291259765625,
297.5791320800781,
0.0,
0.0,
0.0,
0.0,
452.197509765625,
0.0,
0.0,
0.0,
0.0,
0.0,
0.0,
0.0,
0.0,
152.52500915527344,
0.0,
0.0,
0.0,
0.0,
0.0,
0.0,
0.0,
0.0,
0.0,
0.0,
159.32855224609375,
0.0,
0.0,
0.0,
0.0,
0.0,
0.0,
0.0,
0.0,
0.0,
0.0,
0.0,
37.30788040161133,
481.94134521484375,
926.755126953125,
0.0,
110.50562286376953,
106.17036437988281,
0.0,
0.0,
0.0,
0.0,
129.1016845703125,
0.0,
4961.89990234375,
81.303466796875,
0.0,
0.0,
0.0,
0.0,
286.0096740722656,
0.0,
0.0,
0.0,
0.0,
0.0,
67.87095642089844,
4999.0927734375,
0.0,
0.0,
149.8543701171875,
945.0498046875,
0.0,
0.0,
23.069669723510742,
0.0,
0.0,
39.919673919677734,
0.0,
0.0,
0.0,
0.0,
0.0,
0.0,
0.0,
0.0,
80.61648559570312,
0.0,
0.0,
0.0,
0.0,
0.0,
0.0,
0.0,
0.0,
0.0,
568.7687377929688,
493.7287902832031,
0.0,
0.0,
0.0,
0.0,
0.0,
0.0,
0.0,
0.0,
222.4777069091797,
0.0,
317.031005859375,
0.0,
0.0,
63.18410110473633,
0.0,
0.0,
0.0,
101.74186706542969,
0.0,
0.0,
136.00302124023438,
292.2517395019531,
0.0,
0.0,
0.0,
0.0,
0.0,
0.0,
40.98957824707031,
0.0,
0.0,
20.72014808654785,
0.0,
0.0,
0.0,
0.0,
0.0,
0.0,
0.0,
244.10414123535156,
837.8880615234375,
0.0,
0.0,
0.0,
0.0,
0.0,
0.0,
0.0,
0.0,
0.0,
0.0,
0.0,
815.3156127929688,
0.0,
255.7322998046875,
14.318679809570312,
0.0,
0.0,
0.0,
0.0,
0.0,
71.79075622558594,
0.0,
0.0,
0.0,
212.23573303222656,
483.2029724121094,
0.0,
0.0,
23.754154205322266,
0.0,
0.0,
868.8182373046875,
0.0,
4464.87060546875,
0.0,
0.0,
0.0,
0.0,
4.896737098693848,
0.0,
0.0,
727.6466064453125,
0.0,
0.0,
3079.11181640625,
31.115163803100586,
0.0,
0.0,
0.0,
0.0,
0.0,
0.0,
0.0,
0.0,
0.0,
0.0,
0.0,
0.0,
0.0,
0.0,
0.0,
0.0,
0.0,
0.0,
33.45730972290039,
128.93914794921875,
143.82464599609375,
0.0,
0.0,
0.0,
0.0,
0.0,
360.3202209472656,
0.0,
93.47349548339844,
186.12783813476562,
0.0,
0.0,
217.6274871826172,
363.77667236328125,
486.4078063964844,
160.94256591796875,
2.2265613079071045,
0.0,
395.8469543457031,
0.0,
97.64437103271484,
0.0,
0.0,
0.0,
0.0,
0.0,
0.0,
37.733158111572266,
0.0,
103.64981079101562,
0.0,
60.58247375488281,
0.0,
0.0,
0.0,
0.0,
0.0,
0.0,
106.14557647705078,
0.0,
0.0,
250.9095001220703,
0.0,
0.0,
0.0,
0.0,
0.0,
191.5731964111328,
0.0,
0.0,
0.0,
332.13482666015625,
0.0,
0.0,
0.0,
0.0,
0.0,
0.0,
0.0,
0.0,
0.0,
0.0,
230.7083740234375,
10.820140838623047,
426.5694580078125,
39.73492431640625,
0.0,
0.0,
0.0,
0.0,
0.0,
60.087825775146484,
0.0,
198.80885314941406,
227.003173828125,
0.0,
0.0,
0.0,
0.0,
225.47018432617188,
543.708740234375,
0.0,
28.326068878173828,
481.4090881347656,
0.0,
2867.80322265625,
0.0,
0.0,
273.9966735839844,
210.49571228027344,
0.0,
0.0,
0.0,
45.06557083129883,
61.82094955444336,
0.0,
0.0,
0.0,
0.0,
0.0,
0.0,
33.319156646728516,
0.0,
0.0,
263.2821044921875,
0.0,
5.670092582702637,
0.0,
1257.9002685546875,
0.0,
0.0,
108.09615325927734,
114.51683044433594,
0.0,
0.0,
0.0,
0.0,
34.54229736328125,
535.3279418945312,
0.0,
0.0,
0.0,
55.696956634521484,
736.3533935546875,
0.0,
0.0,
0.0,
79.8206558227539,
0.0,
0.0,
136.19627380371094,
0.0,
0.0,
0.0,
0.0,
47.6826057434082,
0.0,
0.0,
0.0,
27.641313552856445,
0.0,
0.0,
0.0,
0.0,
0.0,
0.0,
0.0,
0.0,
0.0,
0.0,
0.0,
0.0,
488.1380615234375,
94.03223419189453,
0.0,
0.0,
56.25576400756836,
194.3642120361328,
0.0,
2.342106342315674,
0.0,
0.0,
841.8023681640625,
0.0,
0.0,
0.0,
0.0,
444.7611389160156,
0.0,
0.0,
0.0,
0.0,
0.0,
5.721110820770264,
0.0,
0.0,
149.64183044433594,
0.0,
0.0,
0.0,
0.0,
0.0,
142.07470703125,
0.0,
330.8795166015625,
0.0,
0.0,
1877.8328857421875,
0.0,
0.0,
0.0,
0.0,
0.0,
0.0,
0.0,
0.0,
0.0,
0.0,
0.0,
0.0,
6.723060131072998,
0.0,
0.0,
398.03271484375,
0.0,
0.0,
0.0,
0.0,
0.0,
0.0,
102.32929992675781,
0.0,
0.0,
0.0,
204.1275177001953,
0.0,
0.0,
0.0,
0.0,
0.0,
0.0,
247.75030517578125,
0.0,
0.0,
0.0,
0.0,
0.0,
0.0,
665.5774536132812,
11.774663925170898,
0.0,
0.0,
142.26174926757812,
344.1125183105469,
137.70574951171875,
0.0,
477.0322265625,
0.0,
0.0,
0.0,
0.0,
8.153879165649414,
0.0,
0.0,
177.5950469970703,
8.600016593933105,
0.0,
0.0,
518.9036865234375,
0.0,
0.0,
163.62744140625,
0.0,
114.55169677734375,
69.17813110351562,
0.0,
0.0,
0.0,
0.0,
0.0,
12.76014232635498,
0.0,
68.19871520996094,
0.0,
0.0,
0.0,
0.0,
0.0,
0.0,
0.0,
0.0,
459.6565246582031,
0.0,
0.0,
58.20747756958008,
636.181884765625,
0.0,
0.0,
0.0,
0.0,
0.0,
0.0,
0.0,
225.02867126464844,
38.8152961730957,
0.0,
0.0,
0.0,
168.68556213378906,
0.0,
436.6978454589844,
0.0,
0.0,
0.0,
24.948915481567383,
171.20413208007812,
0.0,
0.0,
61.696834564208984,
0.0,
229.39198303222656,
0.0,
0.0,
502.1034851074219,
0.0,
201.8047332763672,
0.21371841430664062,
175.46914672851562,
298.4527282714844,
0.0,
42.732521057128906,
0.0,
0.0,
0.0,
84.19197082519531,
0.0,
0.0,
0.0,
0.0,
294.0059509277344,
0.0,
0.0,
0.0,
0.0,
0.0,
0.0,
63.16183853149414,
0.0,
0.0,
67.43081665039062,
0.0,
0.0,
41.88718032836914,
0.0,
0.0,
0.0,
0.0,
0.0,
156.29681396484375,
65.21795654296875,
188.910888671875,
0.0,
4.281074523925781,
0.0,
0.0,
0.0,
0.0,
0.0,
0.0,
0.0,
0.0,
154.6221923828125,
0.0,
3.9481875896453857,
0.0,
797.6588745117188,
0.0,
0.0,
444.82659912109375,
726.6611328125,
0.0,
140.47572326660156,
0.0,
0.0,
0.0,
59.0804443359375,
145.4434814453125,
67.93173217773438,
0.0,
825.446044921875,
218.81776428222656,
0.0,
0.0,
0.0,
118.83738708496094,
0.0,
531.835693359375,
0.0,
0.0,
268.8214111328125,
0.0,
0.0,
0.0,
0.0,
0.0,
0.0,
0.0,
63.407711029052734,
0.0,
66.76123046875,
0.0,
222.5088348388672,
0.0,
0.0,
76.82794189453125,
0.0,
234.79653930664062,
1047.452392578125,
0.0,
0.0,
0.0,
0.0,
0.0,
0.0,
1089.48828125,
242.05099487304688,
0.0,
0.0,
202.61572265625,
0.0,
0.0,
73.27222442626953,
0.0,
0.0,
0.0,
0.0,
0.0,
0.0,
0.0,
0.0,
0.0,
0.0,
0.0,
0.0,
0.0,
0.0,
0.0,
0.0,
0.0,
0.0,
0.0,
0.0,
590.7024536132812,
0.0,
25.302045822143555,
0.0,
195.26248168945312,
0.0,
648.2484741210938,
0.0,
0.0,
142.87197875976562,
0.0,
253.99298095703125,
0.0,
0.0,
0.0,
0.0,
0.0,
0.0,
109.67272186279297,
0.0,
0.0,
0.0,
60.12101745605469,
0.0,
377.81646728515625,
0.0,
0.0,
0.0,
266.7615661621094,
0.0,
0.0,
0.0,
0.0,
0.0,
0.0,
0.0,
0.0,
0.0,
218.36920166015625,
0.0,
0.0,
209.3830108642578,
63.68732833862305,
0.0,
0.0,
0.0,
0.0,
0.0,
0.0,
0.0,
0.0,
224.16587829589844,
0.0,
0.0,
0.0,
36.29462814331055,
0.0,
0.0,
0.0,
91.72461700439453,
0.0,
43.89445877075195,
0.0,
0.0,
0.0,
0.0,
0.0,
0.0,
0.0,
0.0,
0.0,
0.0,
45.85688018798828,
0.0,
0.0,
222.8125762939453,
23.79300308227539,
0.0,
0.0,
163.6313934326172,
0.0,
0.0,
0.0,
0.0,
74.62986755371094,
0.0,
0.0,
0.0,
1.0854272842407227,
0.0,
4.21657657623291,
0.0,
0.0,
0.0,
0.0,
0.0,
0.0,
0.0,
45.85322189331055,
0.0,
0.0,
1.6264921426773071,
0.0,
0.0,
0.0,
0.0,
0.0,
0.0,
0.0,
1337.9910888671875,
0.0,
0.0,
0.0,
0.0,
1251.367919921875,
0.0,
1307.0543212890625,
0.0,
365.7362976074219,
0.0,
0.0,
0.0,
0.0,
29.584558486938477,
0.0,
34.555870056152344,
151.82452392578125,
0.0,
0.0,
0.0,
0.0,
2481.92431640625,
0.0,
0.0,
361.84698486328125,
0.0,
0.0,
0.0,
0.0,
0.0,
0.0,
0.0,
0.0,
306.0552673339844,
77.13563537597656,
0.0,
0.0,
0.0,
0.0,
0.0,
72.15302276611328,
0.0,
0.0,
0.0,
247.12307739257812,
227.9827117919922,
0.0,
0.0,
0.0,
6.439437389373779,
0.0,
44.695213317871094,
8.70096492767334,
0.0,
0.0,
0.0,
0.0,
89.89444732666016,
694.9552001953125,
0.0,
0.0,
0.0,
0.0,
0.0,
500.00762939453125,
0.0,
0.0,
321.7113037109375,
0.0,
0.0,
0.0,
0.0,
0.0,
269.0277404785156,
0.0,
0.0,
274.508056640625,
0.0,
80.68302154541016,
0.0,
0.0,
455.2322082519531,
0.0,
0.0,
1.7419662475585938,
0.0,
112.49254608154297,
82.3907470703125,
0.0,
181.19308471679688,
116.24272918701172,
0.0,
0.0,
0.0,
0.0,
0.0,
0.0,
107.38631439208984,
0.0,
150.59075927734375,
0.0,
0.0,
0.0,
0.0,
0.0,
141.4326934814453,
0.0,
0.0,
0.0,
0.0,
0.0,
282.4803161621094,
0.0,
0.0,
23.64175033569336,
0.0,
92.60554504394531,
0.0,
0.0,
0.0,
0.0,
0.0,
75.16443634033203,
0.0,
0.0,
0.0,
0.0,
0.0,
0.0,
0.0,
0.0,
0.0,
49.8390007019043,
0.0,
0.0,
0.0,
289.723876953125,
0.0,
0.0,
0.0,
0.0,
0.0,
0.0,
0.0,
0.0,
0.0,
106.29293060302734,
0.0,
0.0,
49.14876937866211,
0.0,
0.0,
0.0,
0.0,
0.0,
0.0,
0.0,
0.0,
0.0,
0.0,
0.0,
82.33393859863281,
0.0,
0.0,
301.02447509765625,
174.00881958007812,
0.0,
106.87229919433594,
80.14327239990234,
0.0,
0.0,
297.49261474609375,
124.88346099853516,
0.0,
0.0,
207.38418579101562,
0.0,
0.0,
79.70896911621094,
0.0,
98.19209289550781,
0.0,
0.0,
0.0,
1182.955322265625,
85.68128967285156,
0.0,
0.0,
0.0,
467.18487548828125,
14.607513427734375,
0.0,
0.0,
0.0,
0.0,
0.0,
0.0,
0.0,
0.0,
89.96533966064453,
0.0,
0.0,
153.80914306640625,
0.0,
0.0,
0.0,
0.0,
8.494528770446777,
0.0,
0.0,
0.0,
0.0,
0.0,
0.0,
0.0,
0.0,
0.0,
0.0,
874.2382202148438,
0.0,
48.915985107421875,
57.611968994140625,
0.0,
0.0,
0.0,
37.1617431640625,
0.0,
0.0,
550.4489135742188,
0.0,
0.0,
1049.16162109375,
300.1535339355469,
0.0,
0.0,
0.0,
0.0,
0.0,
287.58349609375,
0.0,
224.47247314453125,
0.0,
0.0,
64.449462890625,
179.2938995361328,
0.0,
0.0,
0.0,
0.0,
26.714229583740234,
0.0,
0.0,
0.0,
0.0,
0.0,
0.0,
0.0,
0.0,
132.93698120117188,
0.0,
0.0,
0.0,
0.0,
0.0,
0.0,
60.49900817871094,
0.0,
0.0,
1642.18310546875,
0.0,
0.0,
0.0,
0.0,
56.38951873779297,
0.0,
0.0,
369.33819580078125,
245.41908264160156,
0.0,
1887.2308349609375,
0.0,
0.0,
0.0,
64.34489440917969,
0.0,
54.00516891479492,
0.0,
0.0,
201.44435119628906,
0.0,
0.0,
0.0,
0.0,
0.0,
0.0,
620.5551147460938,
2176.250244140625,
718.9391479492188,
0.0,
0.0,
0.0,
0.0,
0.0,
0.0,
147.1426544189453,
138.6570587158203,
0.0,
166.84152221679688,
292.6947021484375,
0.0,
0.0,
0.0,
198.4767303466797,
0.0,
0.0,
0.0,
0.0,
0.0,
0.0,
0.0,
430.1816101074219,
74.48094177246094,
0.0,
1.2387655973434448,
0.0,
0.0,
0.0,
0.0,
1325.9383544921875,
0.0,
0.0,
158.30181884765625,
3.2745187282562256,
0.0,
0.0,
0.0,
0.0,
52.762611389160156,
0.0,
0.0,
0.0,
0.0,
0.0,
0.0,
0.0,
0.0,
339.20599365234375,
401.57421875,
0.0,
48.12165451049805,
0.0,
0.0,
654.6138305664062,
0.0,
318.12225341796875,
56.45869827270508,
0.0,
30.648799896240234,
0.0,
0.0,
0.0,
0.0,
0.0,
0.0,
0.0,
0.0,
0.0,
0.0,
11.780071258544922,
0.0,
0.0,
0.0,
54.402889251708984,
0.0,
0.0,
0.0,
0.0,
0.0,
0.0,
0.0,
0.0,
124.02011108398438,
0.0,
0.0,
80.7196273803711,
0.0,
0.0,
0.0,
0.0,
55.303897857666016,
0.0,
77.19384002685547,
0.0,
0.0,
0.0,
0.0,
0.0,
0.0,
0.0,
0.0,
0.0,
0.0,
229.90371704101562,
0.0,
0.0,
0.0,
0.0,
0.0,
0.0,
0.0,
0.0,
406.9859313964844,
0.0,
45.49044418334961,
0.0,
0.0,
0.0,
33.067039489746094,
902.5518188476562,
0.0,
0.0,
0.0,
92.06941986083984,
0.0,
0.0,
0.0,
0.0,
238.16493225097656,
0.0,
0.0,
0.0,
0.0,
166.0817108154297,
0.0,
0.0,
0.0,
430.76007080078125,
0.0,
0.0,
0.0,
0.0,
51.606136322021484,
0.0,
0.0,
0.0,
0.0,
0.0,
119.51025390625,
0.0,
0.0,
0.0,
57.325199127197266,
0.0,
25.53824234008789,
0.0,
0.0,
0.0,
162.7624053955078,
0.0,
0.0,
0.0,
152.8470458984375,
0.0,
0.0,
0.0,
87.15164947509766,
0.0,
0.0,
2.469001054763794,
3.65585994720459,
0.0,
0.0,
513.3275146484375,
0.0,
0.0,
0.0,
0.0,
0.0,
0.0,
0.0,
0.0,
0.0,
141.8779296875,
160.75140380859375,
0.0,
0.0,
743.4078979492188,
0.0,
0.0,
0.0,
420.99853515625,
64.33753204345703,
0.0,
0.0,
268.582275390625,
0.0,
0.0,
92.73004913330078,
1560.208984375,
0.0,
0.0,
0.0,
614.5693359375,
80.95967102050781,
74.09030151367188,
230.62783813476562,
68.17550659179688,
0.0,
463.30072021484375,
0.0,
0.0,
0.0,
991.4503784179688,
0.0,
0.0,
775.480224609375,
0.0,
0.0,
0.0,
0.0,
0.0,
0.0,
0.0,
0.0,
59.517574310302734,
0.0,
0.0,
0.0,
0.0,
0.0,
248.11900329589844,
0.0,
0.0,
0.0,
151.90499877929688,
0.0,
0.0,
0.0,
0.0,
55.43701171875,
141.1629638671875,
0.0,
0.0,
0.0,
112.58922576904297,
0.0,
0.0,
0.0,
0.0,
227.6107177734375,
115.37764739990234,
0.0,
0.0,
0.0,
0.0,
0.0,
0.0,
0.0,
0.0,
0.0,
0.0,
0.0,
84.47792053222656,
0.0,
0.0,
0.0,
0.0,
0.0,
0.0,
0.0,
0.0,
0.0,
0.0,
116.40797424316406,
0.0,
70.87822723388672,
0.0,
0.0,
0.0,
0.0,
123.92011260986328,
0.0,
63.746646881103516,
0.0,
136.2874755859375,
0.0,
347.1881103515625,
0.0,
0.0,
72.38514709472656,
0.0,
275.7388916015625,
0.0,
0.0,
0.0,
103.23506164550781,
0.0,
0.0,
2208.55810546875,
37.677032470703125,
0.0,
0.0,
0.0,
0.0,
530.0722045898438,
0.0,
0.0,
0.0,
0.0,
0.0,
0.0,
0.0,
0.0,
784.8844604492188,
0.0,
0.0,
0.0,
74.61421966552734,
88.38381958007812,
8.008783340454102,
0.0,
0.0,
0.0,
52.32798767089844,
0.0,
0.0,
0.0,
335.7565002441406,
0.0,
0.0,
0.0,
0.0,
386.83349609375,
0.0,
0.0,
0.0,
33.74386978149414,
0.0,
0.0,
0.0,
0.0,
308.7786560058594,
85.0097427368164,
0.0,
0.0,
0.0,
0.0,
0.0,
0.0,
577.6016845703125,
0.0,
0.0,
0.0,
0.0,
100.57697296142578,
70.04671478271484,
0.0,
75.89022827148438,
0.0,
0.0,
0.0,
0.0,
0.0,
0.0,
0.0,
0.0,
0.0,
135.516845703125,
200.42079162597656,
0.0,
0.0,
0.0,
0.0,
446.8096923828125,
0.0,
0.0,
0.0,
0.0,
0.0,
0.0,
1640.8375244140625,
0.0,
0.0,
0.0,
0.0,
0.0,
0.0,
96.99016571044922,
0.0,
0.0,
172.44549560546875,
0.0,
0.0,
0.0,
0.0,
0.0,
496.03326416015625,
0.0,
0.0,
0.0,
658.7555541992188,
211.22039794921875,
0.0,
0.0,
0.0,
0.0,
0.0,
0.0,
216.65904235839844,
0.0,
0.0,
0.0,
0.0,
0.0,
0.0,
0.0,
0.0,
0.0,
159.57960510253906,
0.0,
0.0,
406.8058166503906,
0.0,
0.0,
0.0,
0.0,
0.0,
1056.3248291015625,
83.7398452758789,
0.0,
0.0,
0.0,
0.0,
479.8804016113281,
285.5138854980469,
81.75630187988281,
37.95904541015625,
0.0,
0.0,
0.0,
0.0,
10.426726341247559,
0.0,
0.0,
0.0,
0.0,
0.0,
0.0,
0.0,
429.91766357421875,
6.892529010772705,
0.0,
0.0,
0.0,
0.0,
886.6478271484375,
0.0,
0.0,
21.723661422729492,
0.0,
0.0,
0.0,
0.0,
0.0,
0.0,
0.0,
0.0,
67.78156280517578,
0.0,
0.0,
0.0,
27.379528045654297,
0.0,
0.0,
0.865867555141449,
0.0,
0.0,
376.8304138183594,
0.0,
0.0,
0.0,
0.0,
0.0,
57.68266296386719,
0.0,
0.0,
0.0,
0.0,
0.0,
0.0,
0.0,
0.0,
193.56045532226562,
0.0,
0.0,
0.0,
0.0,
0.0,
0.0,
0.0,
0.0,
0.0,
533.7975463867188,
0.0,
227.72511291503906,
214.1234130859375,
0.0,
0.0,
0.0,
0.0,
0.0,
485.3659362792969,
0.0,
0.0,
0.0,
74.66715240478516,
0.0,
0.0,
0.0,
0.0,
290.47479248046875,
106.08842468261719,
0.0,
240.0200958251953,
0.0,
0.0,
0.0,
35.35855484008789,
0.0,
0.0,
0.0,
0.0,
0.0,
0.0,
0.0,
465.6248474121094,
47.36159896850586,
43.525516510009766,
0.0,
0.0,
0.0,
381.5420837402344,
0.0,
359.7016296386719,
39.16252899169922,
0.0,
0.0,
0.0,
0.0,
0.0,
0.0,
60.59311294555664,
227.99391174316406,
0.0,
247.9591064453125,
355.5550842285156,
0.0,
0.0,
0.0,
0.0,
265.5312805175781,
0.0,
0.0,
0.0,
0.0,
366.29443359375,
0.0,
84.29447937011719,
0.0,
0.0,
0.0,
0.0,
0.0,
0.0,
0.0,
0.0,
0.0,
0.0,
0.0,
0.0,
189.100341796875,
0.0,
0.0,
461.45355224609375,
0.0,
225.2295684814453,
0.0,
0.0,
221.7841796875,
0.0,
0.0,
0.0,
0.0,
0.0,
133.44921875,
0.0,
5.083733558654785,
48.406166076660156,
0.0,
48.81855773925781,
0.0,
44.741493225097656,
0.0,
29.681442260742188,
0.0,
155.0750732421875,
0.0,
573.45166015625,
692.4723510742188,
0.0,
41.894432067871094,
0.0,
217.9534912109375,
0.0,
0.0,
0.0,
0.0,
0.0,
0.0,
0.0,
0.0,
0.0,
916.0425415039062,
0.0,
0.0,
0.0,
0.0,
10.808841705322266,
0.0,
0.0,
0.0,
0.0,
0.0,
0.0,
484.3719482421875,
0.0,
0.0,
0.0,
0.0,
0.0,
0.0,
141.20863342285156,
0.0,
84.03053283691406,
0.0,
0.0,
0.0,
0.0,
0.0,
0.0,
0.0,
101.7056884765625,
0.0,
143.8611297607422,
0.0,
0.0,
0.0,
0.0,
0.0,
0.0,
0.0,
0.0,
0.0,
0.0,
0.0,
0.0,
0.0,
1560.3162841796875,
0.0,
0.0,
294.0583190917969,
0.0,
0.0,
0.0,
0.0,
0.0,
0.0,
0.0,
0.0,
119.79745483398438,
0.0,
0.0,
0.0,
597.5175170898438,
3.6863183975219727,
0.0,
50.853179931640625,
0.0,
0.0,
80.46965026855469,
41.735260009765625,
0.0,
0.0,
103.83897399902344,
0.0,
0.0,
2114.736572265625,
0.0,
0.0,
76.37799835205078,
0.0,
0.0,
10.894682884216309,
0.0,
0.0,
0.0,
0.0,
0.0,
0.0,
0.0,
391.73919677734375,
0.0,
0.0,
0.0,
231.42807006835938,
0.0,
149.09254455566406,
99.89128875732422,
0.0,
0.0,
0.0,
0.0,
0.0,
0.0,
0.0,
0.0,
1224.22119140625,
0.0,
16.5964412689209,
0.0,
0.0,
0.0,
0.0,
0.0,
211.322265625,
0.0,
0.0,
0.0,
0.0,
0.0,
0.0,
5.609884262084961,
0.0,
0.0,
0.0,
0.0,
0.0,
0.0,
0.0,
0.0,
282.5402526855469,
0.0,
69.35780334472656,
192.35610961914062,
0.0,
14.544881820678711,
0.0,
0.0,
19.86006736755371,
0.0,
5.59105920791626,
0.0,
43.71625900268555,
0.0,
0.0,
0.0,
56.485164642333984,
119.92052459716797,
0.0,
106.03081512451172,
0.0,
0.0,
6.693728446960449,
0.0,
0.0,
0.0,
51.91850662231445,
0.0,
0.0,
0.0,
12.896894454956055,
56.32638931274414,
0.0,
0.0,
161.0728759765625,
0.0,
0.0,
0.0,
89.49847412109375,
0.0,
35.620849609375,
0.0,
0.0,
0.0,
0.0,
1.019893765449524,
0.0,
0.0,
1028.2320556640625,
0.0,
0.0,
0.0,
0.0,
0.0,
0.0,
37.477684020996094,
71.44327545166016,
0.0,
0.0,
0.0,
0.0,
156.73028564453125,
0.0,
0.0,
116.5263671875,
0.0,
320.7269287109375,
0.0,
0.0,
337.59027099609375,
0.0,
0.0,
0.0,
0.0,
91.96504974365234,
1215.5709228515625,
55.459571838378906,
17.996234893798828,
0.0,
0.0,
53.830810546875,
0.0,
582.4235229492188,
0.0,
147.44334411621094,
0.0,
183.77725219726562,
0.0,
0.0,
0.0,
29.748920440673828,
0.0,
0.0,
0.0,
0.0,
0.0,
0.0,
0.0,
0.0,
0.0,
0.0,
0.0,
0.0,
0.0,
0.0,
92.65798950195312,
0.0,
230.68226623535156,
0.0,
0.0,
0.0,
112.85302734375,
0.0,
0.0,
0.0,
0.0,
379.0372009277344,
0.0,
286.326171875,
1031.759033203125,
0.0,
0.0,
0.0,
0.0,
28.191699981689453,
40.05159378051758,
0.0,
139.27169799804688,
0.0,
0.0,
0.0,
0.0,
1238.2357177734375,
0.0,
223.56668090820312,
0.0,
0.0,
1513.2337646484375,
0.0,
0.0,
0.0,
0.0,
67.18929290771484,
0.0,
0.0,
0.0,
0.0,
0.0,
0.0,
0.0,
418.9048156738281,
55.882720947265625,
0.0,
0.0,
90.49635314941406,
0.0,
0.0,
0.0,
17.199905395507812,
0.0,
0.0,
0.0,
0.0,
0.0,
0.0,
0.0,
66.46833038330078,
547.8125610351562,
0.0,
0.0,
0.0,
0.0,
0.0,
67.90540313720703,
0.0,
0.0,
350.52008056640625,
2125.9580078125,
283.55169677734375,
18.91713523864746,
0.0,
0.0,
150.74061584472656,
0.0,
0.0,
0.0,
0.0,
17.23830795288086,
0.0,
0.0,
0.0,
0.0,
0.0,
0.0,
0.0,
0.0,
424.46722412109375,
1175.7421875,
133.11878967285156,
0.0,
0.0,
0.0,
104.75,
34.57722091674805,
0.0,
0.0,
0.0,
109.39717102050781,
0.0,
182.1806640625,
0.0,
67.27919006347656,
0.0,
566.6907958984375,
0.0,
0.0,
0.0,
0.0,
0.0,
118.54739379882812,
0.0,
0.0,
0.0,
0.0,
0.0,
193.830810546875,
0.0,
0.0,
0.0,
0.0,
0.0,
0.0,
0.0,
841.7433471679688,
105.48533630371094,
0.0,
0.0,
0.0,
0.0,
0.0,
0.0,
0.0,
61.26142120361328,
8.604020118713379,
0.0,
0.0,
0.0,
0.0,
45.403682708740234,
0.0,
0.0,
34.78151321411133,
0.0,
0.0,
0.0,
26.790569305419922,
0.0,
0.0,
0.0,
0.0,
122.3092269897461,
2.916409730911255,
937.8348999023438,
265.0162353515625,
0.0,
125.23562622070312,
0.0,
530.6783447265625,
0.0,
0.0,
0.0,
0.0,
99.56202697753906,
0.0,
46.036319732666016,
0.0,
0.0,
0.0,
0.0,
0.0,
0.0,
0.0,
0.0,
0.0,
0.0,
180.46397399902344,
47.9737663269043,
0.0,
0.0,
0.0,
0.0,
0.0,
0.0,
0.0,
0.0,
0.0,
0.0,
0.0,
0.0,
0.0,
0.0,
0.0,
33.914371490478516,
0.0,
0.0,
0.0,
0.0,
0.0,
590.681884765625,
35.93307876586914,
0.0,
0.0,
0.0,
0.0,
0.0,
146.5786895751953,
201.70578002929688,
0.0,
0.0,
0.0,
55.855262756347656,
0.0,
0.0,
56.835548400878906,
0.0,
0.0,
0.0,
0.0,
0.0,
0.0,
0.0,
0.0,
4536.88134765625,
0.0,
0.0,
0.0,
0.0,
0.0,
0.0,
0.0,
0.0,
73.43122100830078,
0.0,
0.0,
0.0,
0.0,
0.0,
0.0,
6.02133846282959,
792.3728637695312,
293.25555419921875,
0.0,
0.0,
0.0,
0.0,
199.02444458007812,
0.0,
74.44485473632812,
217.23971557617188,
115.0124282836914,
253.57154846191406,
0.0,
0.0,
0.0,
0.0,
70.43717193603516,
0.0,
0.0,
0.0,
0.0,
0.0,
0.0,
0.0,
0.0,
0.0,
0.0,
0.0,
822.9327392578125,
0.0,
0.0,
0.0,
0.0,
0.0,
0.0,
0.0,
0.0,
0.0,
0.0,
0.0,
0.0,
0.0,
112.40003967285156,
0.0,
0.0,
0.0,
0.0,
0.0,
0.0,
0.0,
0.0,
0.0,
0.0,
0.0,
0.0,
0.0,
81.87930297851562,
0.0,
0.0,
0.0,
72.41846466064453,
0.0,
0.0,
0.0,
112.4809341430664,
0.0,
31.383434295654297,
437.66351318359375,
0.0,
176.24696350097656,
0.0,
0.0,
0.0,
239.7761993408203,
0.0,
360.9572448730469,
0.0,
0.0,
0.0,
39.52023696899414,
0.0,
0.0,
0.0,
0.0,
0.0,
41.248374938964844,
36.51109313964844,
72.58164978027344,
565.1038208007812,
0.0,
10.774545669555664,
331.4338684082031,
129.1684112548828,
0.0,
0.0,
0.0,
0.0,
0.0,
0.0,
0.0,
530.3486938476562,
0.0,
70.96485137939453,
0.0,
51.0821647644043,
0.0,
13.942214965820312,
0.0,
0.0,
0.0,
0.0,
1358.12158203125,
0.0,
0.0,
0.0,
0.0,
57.78665542602539,
0.0,
1177.8994140625,
216.47816467285156,
0.0,
0.0,
0.0,
0.0,
0.0,
0.0,
25.621185302734375,
0.0,
0.0,
0.0,
0.0,
0.0,
0.0,
104.71368408203125,
102.27641296386719,
0.966205894947052,
0.0,
0.0,
0.0,
0.0,
70.72747802734375,
0.0,
0.0,
0.0,
0.0,
0.0,
0.0,
0.0,
0.0,
0.0,
0.0,
0.0,
0.0,
0.0,
0.0,
0.0,
5.884772300720215,
0.0,
0.0,
0.0,
0.0,
0.0,
7.994259834289551,
0.0,
0.0,
735.8633422851562,
0.0,
65.64539337158203,
234.863037109375,
0.0,
213.46444702148438,
0.0,
0.0,
0.0,
0.0,
0.0,
0.0,
0.0,
134.72940063476562,
0.0,
15.440661430358887,
0.0,
996.0137939453125,
0.0,
0.0,
0.0,
0.0,
0.0,
0.0,
131.0077362060547,
0.0,
0.0,
0.0,
17.673015594482422,
0.0,
91.26180267333984,
0.0,
73.56483459472656,
0.0,
249.84857177734375,
0.0,
0.0,
0.0,
192.4833526611328,
0.0,
46.420654296875,
0.0,
253.1134033203125,
0.0,
0.0,
0.0,
0.0,
0.0,
177.02088928222656,
0.0,
0.0,
0.0,
0.0,
0.0,
0.0,
0.0,
0.0,
0.0,
154.689208984375,
52.52558517456055,
36.92869567871094,
0.0,
0.0,
0.0,
0.0,
0.0,
767.3507080078125,
0.0,
0.0,
0.0,
0.0,
0.0,
0.0,
365.7094421386719,
0.0,
136.2073516845703,
291.70758056640625,
60.41044998168945,
172.3061065673828,
0.0,
0.0,
0.0,
0.0,
0.0,
328.0222473144531,
0.0,
0.0,
0.0,
62.845062255859375,
137.95562744140625,
0.0,
0.0,
0.0,
593.2718505859375,
0.0,
0.0,
28.339839935302734,
0.0,
0.0,
0.0,
115.11692810058594,
0.0,
0.0,
0.0,
0.0,
0.0,
0.0,
270.3980712890625,
0.0,
0.0,
992.8161010742188,
0.0,
0.0,
0.0,
0.0,
0.0,
0.0,
0.0,
177.9589385986328,
0.0,
0.0,
0.0,
0.0,
0.0,
255.96890258789062,
0.0,
0.0,
49.765899658203125,
3880.15576171875,
0.0,
0.0,
18.92631721496582,
7.492403030395508,
0.0,
0.0,
0.0,
0.0,
297.12481689453125,
0.0,
0.0,
0.0,
0.0,
0.0,
0.0,
0.0,
73.9360580444336,
0.0,
117.2181167602539,
0.0,
0.0,
0.0,
0.0,
0.0,
0.0,
35.54353332519531,
0.0,
0.0,
1769.1182861328125,
0.0,
0.0,
426.3307189941406,
0.0,
0.0,
0.0,
0.0,
0.0,
0.0,
0.0,
0.0,
190.1129150390625,
0.0,
195.68589782714844,
0.0,
0.0,
425.8960266113281,
55.5627555847168,
299.762939453125,
157.84498596191406,
0.0,
0.0,
0.0,
0.0,
41.2553596496582,
0.0,
0.0,
0.0,
0.0,
307.9532775878906,
0.0,
201.34068298339844,
0.0,
0.0,
0.0,
0.0,
0.0,
0.0,
0.0,
0.0,
0.0,
0.0,
0.0,
0.0,
0.0,
415.9560546875,
459.9808654785156,
0.0,
0.0,
0.0,
494.96282958984375,
0.0,
262.2587890625,
0.0,
0.0,
0.0,
0.0,
79.54906463623047,
0.0,
24.36968231201172,
0.0,
112.67388153076172,
339.7645263671875,
16.554519653320312,
55.15391159057617,
0.0,
401.86273193359375,
348.1527404785156,
0.0,
0.0,
140.9690704345703,
201.18309020996094,
0.0,
0.0,
0.0,
0.0,
421.26422119140625,
95.4002456665039,
7.729654788970947,
64.78820037841797,
0.0,
125.24986267089844,
0.0,
0.0,
0.0,
0.0,
0.0,
0.0,
0.0,
0.0,
0.0,
0.0,
0.0,
761.9130249023438,
23.543960571289062,
0.0,
0.0,
0.0,
315.3343505859375,
0.0,
0.0,
0.0,
0.0,
29.312541961669922,
0.0,
0.0,
0.0,
124.3527603149414,
0.0,
0.0,
0.0,
0.0,
0.0,
0.0,
0.0,
0.0,
0.0,
0.0,
0.0,
170.21514892578125,
0.0,
0.0,
0.0,
0.0,
67.29488372802734,
0.0,
0.0,
0.0,
0.0,
0.0,
0.0,
8.38551139831543,
0.0,
42.609275817871094,
0.0,
0.0,
132.76649475097656,
0.0,
0.0,
0.0,
0.0,
0.0,
0.0,
0.0,
0.0,
0.0,
0.0,
0.0,
705.8549194335938,
0.0,
0.0,
27.672914505004883,
250.2360076904297,
0.0,
0.0,
72.29761505126953,
0.0,
0.0,
288.193603515625,
0.0,
0.0,
27.375812530517578,
165.30728149414062,
82.69770050048828,
0.0,
0.0,
0.0,
75.14505004882812,
230.0153350830078,
0.0,
64.02099609375,
0.0,
0.0,
0.0,
0.0,
250.0673370361328,
0.0,
19.5108642578125,
91.36415100097656,
0.0,
0.0,
0.0,
0.0,
0.0,
0.0,
0.0,
0.0,
286.6509094238281,
0.0,
0.0,
0.0,
0.0,
0.0,
0.0,
334.0836181640625,
73.88050842285156,
0.0,
0.0,
0.0,
100.40638732910156,
187.556884765625,
0.0,
0.0,
153.98255920410156,
653.3858642578125,
0.0,
0.0,
0.0,
0.0,
0.0,
78.20306396484375,
0.0,
27.840869903564453,
0.0,
0.0,
0.0,
0.0,
0.0,
0.0,
0.0,
264.960693359375,
0.0,
0.0,
86.69091796875,
0.0,
25.428007125854492,
0.0,
0.0,
0.0,
121.53670501708984,
0.0,
0.0,
0.0,
0.0,
259.1807861328125,
110.32239532470703,
22.011627197265625,
0.0,
275.2724304199219,
0.0,
1.825097680091858,
100.77513122558594,
0.0,
0.0,
90.79822540283203,
0.0,
57.87635040283203,
97.54120635986328,
71.29244232177734,
126.91777801513672,
0.0,
0.0,
14.917308807373047,
0.0,
0.0,
0.0,
0.0,
0.0,
0.0,
0.0,
0.0,
0.0,
0.0,
0.0,
229.73291015625,
111.5824203491211,
0.0,
10.443684577941895,
0.0,
1353.059326171875,
0.0,
0.0,
0.0,
0.0,
0.0,
344.8384704589844,
0.0,
0.0,
86.2707290649414,
0.0,
0.0,
26.712581634521484,
0.0,
0.0,
0.0,
0.0,
0.0,
28.53868865966797,
0.0,
0.0,
221.9076385498047,
0.0,
0.0,
0.0,
124.43489837646484,
0.0,
0.0,
0.0,
0.0,
0.0,
0.0,
267.1659851074219,
0.0,
0.0,
0.0,
0.0,
279.8128356933594,
0.0,
98.26447296142578,
0.0,
0.0,
0.0,
0.0,
0.0,
74.4460220336914,
0.0,
0.0,
0.0,
0.0,
0.0,
0.0,
31.45836067199707,
0.0,
0.0,
0.0,
0.0,
0.0,
0.0,
0.0,
0.0,
0.0,
0.0,
0.0,
0.0,
0.0,
0.0,
0.0,
52.005943298339844,
0.0,
0.0,
214.7352752685547,
0.0,
0.0,
1575.770263671875,
0.0,
2046.985107421875,
0.0,
0.0,
0.0,
0.0,
219.16436767578125,
0.0,
0.0,
0.0,
0.0,
91.56106567382812,
0.0,
0.0,
0.0,
0.0,
0.0,
218.39259338378906,
0.0,
0.0,
0.0,
0.0,
0.0,
130.96157836914062,
0.0,
10.026360511779785,
330.6398010253906,
464.59625244140625,
83.39408874511719,
0.0,
0.0,
0.0,
0.0,
0.0,
0.0,
64.44147491455078,
0.0,
0.0,
581.9803466796875,
0.0,
0.0,
71.52533721923828,
0.0,
13.22632122039795,
0.0,
0.0,
0.0,
0.0,
0.0,
0.0,
0.0,
0.0,
79.75796508789062,
225.78671264648438,
39.42401123046875,
0.0,
0.0,
0.0,
0.0,
0.0,
0.0,
0.0,
0.0,
0.0,
70.94444274902344,
0.0,
0.0,
before adding solver back in, here are the stats:
cross accuracy is 0.9914529914529915
actual key is fxrhzqgeywuiodvcpAabskjnmtl
pred key is   fxrhzqgeywuiovdcApabskjntml
difference of both scores is 825.08203125
adding solver IsaSAT back in
this gives an accuracy (true) of 1.0
with a runtime fraction of 0.022882869467139244 for the new solver
the cross accuracy is 0.9920634920634921
actual key is gysiArhfzxvjpdwcqBabtlkonume
pred key is   gysiArhfzxvjpwdcBqabtlkounme
inserting into results:
                 SolverName    Par2Score     Par2Diff  CrossAcc   TrueAcc RuntimeFrac
0           CaDiCaL_DVDL_V1  3089.303852   1026.68042  0.988604  0.962963    0.020947
1           CaDiCaL_DVDL_V2  3095.117989  1255.867676  0.988604  0.962963    0.018465
2            CadicalReorder  3028.922123         None      None      None        None
3               Cadical_ESA  3010.642427  1228.512207  0.991453  0.888889    0.015992
4                    IsaSAT  4750.807592   825.082031  0.991453       1.0    0.022883
5         Kissat_MAB-HyWalk  2857.219430         None      None      None        None
6            Kissat_MAB_ESA  2806.399950  1181.232178  0.991453  0.777778    0.015188
7           Kissat_MAB_MOSS  2842.665502         None      None      None        None
8            Kissat_MAB_UCB  2833.080702  1008.024658  0.994302  0.925926    0.019517
9   Kissat_adaptive_restart  2964.729164   1283.44751  0.991453  0.703704    0.017827
10             LSTech_Maple  3288.798456   605.139404  0.991453       1.0    0.018703
11      LStech-Maple-HyWalk  3287.321714   961.318848  0.985755       1.0    0.023052
12  MapleLCMDistChrBt-DL-v3  3504.243855         None      None      None        None
13            SLIME-SC-2022  3410.345479    920.87793  0.991453  0.962963    0.018686
14       SLIME-SC-2022-beta  3399.280972   1188.67041  0.991453  0.962963    0.017093
15        SeqFROST-NoExtend  2974.990134         None      None      None        None
16       cadical_rel_Scavel  3042.540247  1314.380127  0.991453  0.888889    0.018679
17        ekissat-mab-db-v1  2841.734300  1211.353516  0.988604  0.962963    0.017287
18        ekissat-mab-gb-db  2830.143350         None      None      None        None
19           glucose-reboot  3272.673710   944.326172  0.991453       1.0    0.023818
20            hCaD_V1-psids  3430.403190   704.946045  0.991453  0.962963    0.023565
21               hKis-unsat  2950.179046         None      None      None        None
22            kissat-els-v1  3012.152117  1444.881104  0.994302  0.962963    0.018625
23            kissat-els-v2  2896.370918  1349.255615  0.988604       1.0    0.009395
24      kissat-sc2022-bulky  2810.958876         None      None      None        None
25      kissat-sc2022-light  2866.960391  1136.964111  0.991453  0.962963    0.017867
26               kissat_inc  2833.396989         None      None      None        None
27           kissat_relaxed  3082.292642  1069.493164  0.994302  0.962963    0.019814
this gives a mean of
C:\Users\jonas\Documents\al-for-sat-solver-benchmarking\src\al_experiments.py:633: FutureWarning: The default value of numeric_only in DataFrame.mean is deprecated. In a future version, it will default to False. In addition, specifying 'numeric_only=None' is deprecated. Select only valid columns or specify the value of numeric_only to silence this warning.
  print(results.mean())
Par2Score      3107.631254
Par2Diff       1087.392270
CrossAcc          0.991003
TrueAcc           0.939571
RuntimeFrac       0.018811
dtype: float64
took 1000000 calculation steps